OD-0-2-6 -00
1 60000U 00000A   17265.79109374  .00000000  00000-0  85845+5 0  0000
2 60000 012.3429 177.8244 9175159 299.4047 264.4426 00.37135704    01
OD-0-2-7 -00
1 60001U 00000A   17265.79109374  .00000000  00000-0  85845+5 0  0000
2 60001 012.8302 179.1399 9416274 306.3855 199.6998 00.72320930    01
OD-0-3-7 -00
1 60002U 00000A   17265.79109374  .00000000  00000-0  85845+5 0  0000
2 60002 020.5044 155.0861 9845815 354.2793 005.7651 00.03852947    01
OD-0-5-7 -00
1 60003U 00000A   17265.79109374  .00000000  00000-0  85845+5 0  0000
2 60003 018.4026 154.3701 4676148 260.2119 307.3292 00.03481163    01
OD-1-2-5 -00
1 60004U 00000A   17265.79163773  .00000000  00000-0  85845+5 0  0000
2 60004 011.1467 186.3162 9450632 285.1038 313.7099 00.22752156    01
OD-1-2-7 -00
1 60005U 00000A   17265.79163773  .00000000  00000-0  85845+5 0  0000
2 60005 013.8268 167.4298 9788008 281.8297 357.4625 00.00735020    01
OD-0-2-6 -01
1 60006U 00000A   17265.79352430  .00000000  00000-0  85845+5 0  0000
2 60006 012.3429 177.8244 9175140 299.4044 264.7689 00.37135316    01
OD-0-2-7 -01
1 60007U 00000A   17265.79352430  .00000000  00000-0  85845+5 0  0000
2 60007 012.8302 179.1399 9416257 306.3854 200.3329 00.72320803    01
OD-0-3-7 -01
1 60008U 00000A   17265.79460069  .00000000  00000-0  85845+5 0  0000
2 60008 020.5044 155.0861 9845834 354.2800 005.8124 00.03852082    01
OD-0-5-7 -01
1 60009U 00000A   17265.79675347  .00000000  00000-0  85845+5 0  0000
2 60009 018.4026 154.3701 4676196 260.2085 307.4039 00.03480978    01
OD-1-2-5 -01
1 60010U 00000A   17265.79352430  .00000000  00000-0  85845+5 0  0000
2 60010 011.1467 186.3162 9450628 285.1033 313.8662 00.22751403    01
OD-1-2-7 -01
1 60011U 00000A   17265.79352430  .00000000  00000-0  85845+5 0  0000
2 60011 013.8268 167.4298 9788063 281.8286 357.4686 00.00734701    01
OD-0-2-4 -10
1 60012U 00000A   17265.79109374  .00000000  00000-0  85845+5 0  0000
2 60012 017.1079 158.8038 8325992 347.9025 078.7852 00.17042274    01
OD-0-2-5 -10
1 60013U 00000A   17265.79109374  .00000000  00000-0  85845+5 0  0000
2 60013 015.2452 164.5330 8585369 324.4101 167.4840 00.34227942    01
OD-0-2-6 -10
1 60014U 00000A   17265.79109374  .00000000  00000-0  85845+5 0  0000
2 60014 012.3538 177.8206 9174755 299.4072 264.4271 00.37064203    01
OD-0-2-7 -10
1 60015U 00000A   17265.79109374  .00000000  00000-0  85845+5 0  0000
2 60015 012.8980 178.6163 9402331 306.9045 199.4192 00.70733748    01
OD-0-3-6 -10
1 60016U 00000A   17265.79109374  .00000000  00000-0  85845+5 0  0000
2 60016 019.8998 155.8263 9759326 353.4286 010.3939 00.06282619    01
OD-0-3-7 -10
1 60017U 00000A   17265.79109374  .00000000  00000-0  85845+5 0  0000
2 60017 020.5605 155.0492 9840590 354.1478 006.1288 00.04103715    01
OD-0-3-8 -10
1 60018U 00000A   17265.79109374  .00000000  00000-0  85845+5 0  0000
2 60018 019.8998 155.8263 9759326 353.4286 010.3939 00.06282619    01
OD-0-3-9 -10
1 60019U 00000A   17265.79109374  .00000000  00000-0  85845+5 0  0000
2 60019 019.8998 155.8263 9759326 353.4286 010.3939 00.06282619    01
OD-0-3-10 -1
1 60020U 00000A   17265.79109374  .00000000  00000-0  85845+5 0  0000
2 60020 019.8998 155.8263 9759326 353.4286 010.3939 00.06282619    01
OD-0-4-5 -10
1 60021U 00000A   17265.79109374  .00000000  00000-0  85845+5 0  0000
2 60021 018.8801 157.6071 9520002 347.5903 033.2089 00.17978963    01
OD-0-4-6 -10
1 60022U 00000A   17265.79109374  .00000000  00000-0  85845+5 0  0000
2 60022 018.8801 157.6071 9520002 347.5903 033.2089 00.17978963    01
OD-0-4-7 -10
1 60023U 00000A   17265.79109374  .00000000  00000-0  85845+5 0  0000
2 60023 018.8801 157.6071 9520002 347.5903 033.2089 00.17978963    01
OD-0-4-8 -10
1 60024U 00000A   17265.79109374  .00000000  00000-0  85845+5 0  0000
2 60024 018.8801 157.6071 9520002 347.5903 033.2089 00.17978963    01
OD-0-4-9 -10
1 60025U 00000A   17265.79109374  .00000000  00000-0  85845+5 0  0000
2 60025 018.8801 157.6071 9520002 347.5903 033.2089 00.17978963    01
OD-0-4-10 -1
1 60026U 00000A   17265.79109374  .00000000  00000-0  85845+5 0  0000
2 60026 018.8801 157.6071 9520002 347.5903 033.2089 00.17978963    01
OD-0-5-6 -10
1 60027U 00000A   17265.79109374  .00000000  00000-0  85845+5 0  0000
2 60027 017.7349 159.8877 9328298 341.1220 062.9431 00.30055719    01
OD-0-5-7 -10
1 60028U 00000A   17265.79109374  .00000000  00000-0  85845+5 0  0000
2 60028 017.7349 159.8877 9328298 341.1220 062.9431 00.30055719    01
OD-0-5-8 -10
1 60029U 00000A   17265.79109374  .00000000  00000-0  85845+5 0  0000
2 60029 017.7349 159.8877 9328298 341.1220 062.9431 00.30055719    01
OD-0-5-9 -10
1 60030U 00000A   17265.79109374  .00000000  00000-0  85845+5 0  0000
2 60030 017.7349 159.8877 9328298 341.1220 062.9431 00.30055719    01
OD-0-5-10 -1
1 60031U 00000A   17265.79109374  .00000000  00000-0  85845+5 0  0000
2 60031 017.7349 159.8877 9328298 341.1220 062.9431 00.30055719    01
OD-0-6-7 -10
1 60032U 00000A   17265.79109374  .00000000  00000-0  85845+5 0  0000
2 60032 021.8760 153.5055 9993767 356.3907 000.0518 04.07204771    01
OD-0-6-8 -10
1 60033U 00000A   17265.79109374  .00000000  00000-0  85845+5 0  0000
2 60033 017.1108 161.2817 9250101 337.5406 080.0479 00.35608583    01
OD-0-6-9 -10
1 60034U 00000A   17265.79109374  .00000000  00000-0  85845+5 0  0000
2 60034 017.1108 161.2817 9250101 337.5406 080.0479 00.35608583    01
OD-0-6-10 -1
1 60035U 00000A   17265.79109374  .00000000  00000-0  85845+5 0  0000
2 60035 017.1108 161.2817 9250101 337.5406 080.0479 00.35608583    01
OD-0-7-8 -10
1 60036U 00000A   17265.79109374  .00000000  00000-0  85845+5 0  0000
2 60036 016.8379 161.9302 9214260 335.6482 089.9620 00.38399202    01
OD-0-7-9 -10
1 60037U 00000A   17265.79109374  .00000000  00000-0  85845+5 0  0000
2 60037 016.8379 161.9302 9214260 335.6482 089.9620 00.38399202    01
OD-0-7-10 -1
1 60038U 00000A   17265.79109374  .00000000  00000-0  85845+5 0  0000
2 60038 016.8379 161.9302 9214260 335.6482 089.9620 00.38399202    01
OD-1-2-5 -10
1 60039U 00000A   17265.79163773  .00000000  00000-0  85845+5 0  0000
2 60039 011.0447 187.8770 9455161 284.6488 309.3111 00.25666959    01
OD-1-2-7 -10
1 60040U 00000A   17265.79163773  .00000000  00000-0  85845+5 0  0000
2 60040 012.6488 176.8616 9189949 303.4203 242.5096 00.45072984    01
OD-1-4-5 -10
1 60041U 00000A   17265.79163773  .00000000  00000-0  85845+5 0  0000
2 60041 019.6281 156.2853 9664372 351.3929 018.0635 00.10491323    01
OD-1-4-6 -10
1 60042U 00000A   17265.79163773  .00000000  00000-0  85845+5 0  0000
2 60042 019.6281 156.2853 9664372 351.3929 018.0635 00.10491323    01
OD-1-4-7 -10
1 60043U 00000A   17265.79163773  .00000000  00000-0  85845+5 0  0000
2 60043 019.6281 156.2853 9664372 351.3929 018.0635 00.10491323    01
OD-1-4-8 -10
1 60044U 00000A   17265.79163773  .00000000  00000-0  85845+5 0  0000
2 60044 019.6281 156.2853 9664372 351.3929 018.0635 00.10491323    01
OD-1-4-10 -1
1 60045U 00000A   17265.79163773  .00000000  00000-0  85845+5 0  0000
2 60045 019.6281 156.2853 9664372 351.3929 018.0635 00.10491323    01
OD-1-5-6 -10
1 60046U 00000A   17265.79163773  .00000000  00000-0  85845+5 0  0000
2 60046 018.1603 159.0057 9388325 343.4413 052.2317 00.26077025    01
OD-1-5-7 -10
1 60047U 00000A   17265.79163773  .00000000  00000-0  85845+5 0  0000
2 60047 018.1603 159.0057 9388325 343.4413 052.2317 00.26077025    01
OD-1-5-8 -10
1 60048U 00000A   17265.79163773  .00000000  00000-0  85845+5 0  0000
2 60048 018.1603 159.0057 9388325 343.4413 052.2317 00.26077025    01
OD-1-5-9 -10
1 60049U 00000A   17265.79163773  .00000000  00000-0  85845+5 0  0000
2 60049 018.1603 159.0057 9388325 343.4413 052.2317 00.26077025    01
OD-1-5-10 -1
1 60050U 00000A   17265.79163773  .00000000  00000-0  85845+5 0  0000
2 60050 018.1603 159.0057 9388325 343.4413 052.2317 00.26077025    01
OD-1-6-8 -10
1 60051U 00000A   17265.79163773  .00000000  00000-0  85845+5 0  0000
2 60051 017.4038 160.6160 9284288 339.2127 072.1308 00.33159251    01
OD-1-6-9 -10
1 60052U 00000A   17265.79163773  .00000000  00000-0  85845+5 0  0000
2 60052 017.4038 160.6160 9284288 339.2127 072.1308 00.33159251    01
OD-1-6-10 -1
1 60053U 00000A   17265.79163773  .00000000  00000-0  85845+5 0  0000
2 60053 017.4038 160.6160 9284288 339.2127 072.1308 00.33159251    01
OD-1-7-8 -10
1 60054U 00000A   17265.79163773  .00000000  00000-0  85845+5 0  0000
2 60054 017.0749 161.3689 9238134 337.0067 083.5354 00.36630101    01
OD-1-7-9 -10
1 60055U 00000A   17265.79163773  .00000000  00000-0  85845+5 0  0000
2 60055 017.0749 161.3689 9238134 337.0067 083.5354 00.36630101    01
OD-1-7-10 -1
1 60056U 00000A   17265.79163773  .00000000  00000-0  85845+5 0  0000
2 60056 017.0749 161.3689 9238134 337.0067 083.5354 00.36630101    01
OD-2-5-6 -10
1 60057U 00000A   17265.79352430  .00000000  00000-0  85845+5 0  0000
2 60057 020.4980 154.8948 9888460 356.0721 003.1596 00.02003269    01
OD-2-5-7 -10
1 60058U 00000A   17265.79352430  .00000000  00000-0  85845+5 0  0000
2 60058 020.4980 154.8948 9888460 356.0721 003.1596 00.02003269    01
OD-2-5-8 -10
1 60059U 00000A   17265.79352430  .00000000  00000-0  85845+5 0  0000
2 60059 020.4980 154.8948 9888460 356.0721 003.1596 00.02003269    01
OD-2-5-9 -10
1 60060U 00000A   17265.79352430  .00000000  00000-0  85845+5 0  0000
2 60060 020.4980 154.8948 9888460 356.0721 003.1596 00.02003269    01
OD-2-5-10 -1
1 60061U 00000A   17265.79352430  .00000000  00000-0  85845+5 0  0000
2 60061 020.4980 154.8948 9888460 356.0721 003.1596 00.02003269    01
OD-2-6-9 -10
1 60062U 00000A   17265.79352430  .00000000  00000-0  85845+5 0  0000
2 60062 018.8101 157.7555 9520134 347.4969 033.2099 00.17979771    01
OD-2-6-10 -1
1 60063U 00000A   17265.79352430  .00000000  00000-0  85845+5 0  0000
2 60063 018.8101 157.7555 9520134 347.4969 033.2099 00.17979771    01
OD-2-7-8 -10
1 60064U 00000A   17265.79352430  .00000000  00000-0  85845+5 0  0000
2 60064 018.1342 159.0710 9386972 343.3816 052.4780 00.26173463    01
OD-2-7-9 -10
1 60065U 00000A   17265.79352430  .00000000  00000-0  85845+5 0  0000
2 60065 018.1342 159.0710 9386972 343.3816 052.4780 00.26173463    01
OD-2-7-10 -1
1 60066U 00000A   17265.79352430  .00000000  00000-0  85845+5 0  0000
2 60066 018.1342 159.0710 9386972 343.3816 052.4780 00.26173463    01
OD-3-6-8 -10
1 60067U 00000A   17265.79460069  .00000000  00000-0  85845+5 0  0000
2 60067 020.3261 155.1711 9882928 355.6670 003.4380 00.02175899    01
OD-3-6-10 -1
1 60068U 00000A   17265.79460069  .00000000  00000-0  85845+5 0  0000
2 60068 020.3261 155.1711 9882928 355.6670 003.4380 00.02175899    01
OD-3-7-8 -10
1 60069U 00000A   17265.79460069  .00000000  00000-0  85845+5 0  0000
2 60069 019.1627 157.1191 9586371 349.1996 025.9986 00.14547577    01
OD-3-7-10 -1
1 60070U 00000A   17265.79460069  .00000000  00000-0  85845+5 0  0000
2 60070 019.1627 157.1191 9586371 349.1996 025.9986 00.14547577    01
OD-4-5-7 -10
1 60071U 00000A   17265.79541087  .00000000  00000-0  85845+5 0  0000
2 60071 015.0496 167.0391 9120724 323.9059 146.6215 00.49644640    01
OD-4-7-8 -10
1 60072U 00000A   17265.79541087  .00000000  00000-0  85845+5 0  0000
2 60072 020.3529 155.1359 9882706 355.7589 003.4315 00.02171469    01
OD-4-7-9 -10
1 60073U 00000A   17265.79541087  .00000000  00000-0  85845+5 0  0000
2 60073 020.3529 155.1359 9882706 355.7589 003.4315 00.02171469    01
OD-4-7-10 -1
1 60074U 00000A   17265.79541087  .00000000  00000-0  85845+5 0  0000
2 60074 020.3529 155.1359 9882706 355.7589 003.4315 00.02171469    01
OD-5-8-9 -10
1 60075U 00000A   17265.79675347  .00000000  00000-0  85845+5 0  0000
2 60075 129.8109 316.2221 9699200 219.1992 009.4702 00.05626928    01
OD-0-2-4 -11
1 60076U 00000A   17265.79352430  .00000000  00000-0  85845+5 0  0000
2 60076 017.1079 158.8038 8183540 344.8990 094.2576 00.19040007    01
OD-0-2-5 -11
1 60077U 00000A   17265.79352430  .00000000  00000-0  85845+5 0  0000
2 60077 015.2452 164.5330 8582458 323.8500 171.5502 00.34301672    01
OD-0-2-6 -11
1 60078U 00000A   17265.79352430  .00000000  00000-0  85845+5 0  0000
2 60078 012.3538 177.8206 9174746 299.4064 264.7564 00.37062960    01
OD-0-2-7 -11
1 60079U 00000A   17265.79352430  .00000000  00000-0  85845+5 0  0000
2 60079 012.8980 178.6163 9402326 306.9006 200.0804 00.70730147    01
OD-0-3-7 -11
1 60080U 00000A   17265.79460069  .00000000  00000-0  85845+5 0  0000
2 60080 020.5605 155.0492 9840660 354.1492 006.1761 00.04100841    01
OD-0-6-7 -11
1 60081U 00000A   17265.79784143  .00000000  00000-0  85845+5 0  0000
2 60081 021.8760 153.5055 9927945 355.4767 002.1267 00.01596862    01
OD-1-2-5 -11
1 60082U 00000A   17265.79352430  .00000000  00000-0  85845+5 0  0000
2 60082 011.0447 187.8770 9454939 284.6531 309.4502 00.25680995    01
OD-4-5-7 -11
1 60083U 00000A   17265.79675347  .00000000  00000-0  85845+5 0  0000
2 60083 015.0496 167.0391 9119505 323.7957 147.8275 00.49736598    01
