01234567890123456789012345678901234567890123456789012345678901234567890123456789012345678901234567890123456789
Note  ---->  Method_1: 0-Bucerius, 1-Escobal, Method_2: 0-Gauss, 1-Escobal 

eph              a [km]       e            i [deg]      omega [deg]  Omega [deg]  Ma(t) [deg]  Method_1     Method_2     q            Epoch MJD [days]
Expected         0.0          0.0          0.0          0.0          0.0          0.0          -            -            0.0        

0 - 1 - 2      	NaN        	0.0        	NaN        	NaN        	NaN        	NaN        	0          	0          	NaN        	58018.79109375  

0 - 1 - 3      	NaN        	0.0        	NaN        	NaN        	NaN        	NaN        	0          	0          	NaN        	58018.79109375  

0 - 1 - 4      	NaN        	0.0        	NaN        	NaN        	NaN        	NaN        	0          	0          	NaN        	58018.79109375  

0 - 1 - 5      	NaN        	0.0        	NaN        	NaN        	NaN        	NaN        	0          	0          	NaN        	58018.79109375  

0 - 1 - 6      	NaN        	0.0        	NaN        	NaN        	NaN        	NaN        	0          	0          	NaN        	58018.79109375  

0 - 1 - 7      	NaN        	0.0        	NaN        	NaN        	NaN        	NaN        	0          	0          	NaN        	58018.79109375  

0 - 1 - 8      	NaN        	0.0        	NaN        	NaN        	NaN        	NaN        	0          	0          	NaN        	58018.79109375  

0 - 1 - 9      	NaN        	0.0        	NaN        	NaN        	NaN        	NaN        	0          	0          	NaN        	58018.79109375  

0 - 1 - 10     	NaN        	0.0        	NaN        	NaN        	NaN        	NaN        	0          	0          	NaN        	58018.79109375  

0 - 2 - 3      	NaN        	0.0        	NaN        	NaN        	NaN        	NaN        	0          	0          	NaN        	58018.79109375  

0 - 2 - 4      	NaN        	0.0        	NaN        	NaN        	NaN        	NaN        	0          	0          	NaN        	58018.79109375  

0 - 2 - 5      	NaN        	0.0        	NaN        	NaN        	NaN        	NaN        	0          	0          	NaN        	58018.79109375  

0 - 2 - 6      	81759.97177	0.214748364	12.34293466	299.4047474	177.8244839	264.4426831	0          	0          	6743.891655	58018.79109375  

0 - 2 - 7      	52427.50288	0.214748364	12.83028235	306.3855509	179.1399484	199.6998299	0          	0          	3060.328263	58018.79109375  

0 - 2 - 8      	NaN        	0.0        	NaN        	NaN        	NaN        	NaN        	0          	0          	NaN        	58018.79109375  

0 - 2 - 9      	NaN        	0.0        	NaN        	NaN        	NaN        	NaN        	0          	0          	NaN        	58018.79109375  

0 - 2 - 10     	NaN        	0.0        	NaN        	NaN        	NaN        	NaN        	0          	0          	NaN        	58018.79109375  

0 - 3 - 4      	NaN        	0.0        	NaN        	NaN        	NaN        	NaN        	0          	0          	NaN        	58018.79109375  

0 - 3 - 5      	NaN        	0.0        	NaN        	NaN        	NaN        	NaN        	0          	0          	NaN        	58018.79109375  

0 - 3 - 6      	-3139.13740	0.214748364	23.25540022	73.78231271	147.5566945	10229.35389	0          	0          	69134.06905	58018.79109375  

0 - 3 - 7      	370288.1246	0.214748364	20.50445093	354.2793421	155.0861965	5.765174641	0          	0          	5709.268563	58018.79109375  

0 - 3 - 8      	NaN        	0.0        	NaN        	NaN        	NaN        	NaN        	0          	0          	NaN        	58018.79109375  

0 - 3 - 9      	NaN        	0.0        	NaN        	NaN        	NaN        	NaN        	0          	0          	NaN        	58018.79109375  

0 - 3 - 10     	NaN        	0.0        	NaN        	NaN        	NaN        	NaN        	0          	0          	NaN        	58018.79109375  

0 - 4 - 5      	NaN        	0.0        	NaN        	NaN        	NaN        	NaN        	0          	0          	NaN        	58018.79109375  

0 - 4 - 6      	NaN        	0.0        	NaN        	NaN        	NaN        	NaN        	0          	0          	NaN        	58018.79109375  

0 - 4 - 7      	NaN        	0.0        	NaN        	NaN        	NaN        	NaN        	0          	0          	NaN        	58018.79109375  

0 - 4 - 8      	NaN        	0.0        	NaN        	NaN        	NaN        	NaN        	0          	0          	NaN        	58018.79109375  

0 - 4 - 9      	NaN        	0.0        	NaN        	NaN        	NaN        	NaN        	0          	0          	NaN        	58018.79109375  

0 - 4 - 10     	NaN        	0.0        	NaN        	NaN        	NaN        	NaN        	0          	0          	NaN        	58018.79109375  

0 - 5 - 6      	NaN        	0.0        	NaN        	NaN        	NaN        	NaN        	0          	0          	NaN        	58018.79109375  

0 - 5 - 7      	396204.0560	0.214748364	18.40262540	260.2119946	154.3701265	307.3292066	0          	0          	210933.1745	58018.79109375  

0 - 5 - 8      	NaN        	0.0        	NaN        	NaN        	NaN        	NaN        	0          	0          	NaN        	58018.79109375  

0 - 5 - 9      	NaN        	0.0        	NaN        	NaN        	NaN        	NaN        	0          	0          	NaN        	58018.79109375  

0 - 5 - 10     	NaN        	0.0        	NaN        	NaN        	NaN        	NaN        	0          	0          	NaN        	58018.79109375  

0 - 6 - 7      	NaN        	0.0        	NaN        	NaN        	NaN        	NaN        	0          	0          	NaN        	58018.79109375  

0 - 6 - 8      	NaN        	0.0        	NaN        	NaN        	NaN        	NaN        	0          	0          	NaN        	58018.79109375  

0 - 6 - 9      	NaN        	0.0        	NaN        	NaN        	NaN        	NaN        	0          	0          	NaN        	58018.79109375  

0 - 6 - 10     	NaN        	0.0        	NaN        	NaN        	NaN        	NaN        	0          	0          	NaN        	58018.79109375  

0 - 7 - 8      	NaN        	0.0        	NaN        	NaN        	NaN        	NaN        	0          	0          	NaN        	58018.79109375  

0 - 7 - 9      	NaN        	0.0        	NaN        	NaN        	NaN        	NaN        	0          	0          	NaN        	58018.79109375  

0 - 7 - 10     	NaN        	0.0        	NaN        	NaN        	NaN        	NaN        	0          	0          	NaN        	58018.79109375  

0 - 8 - 9      	NaN        	0.0        	NaN        	NaN        	NaN        	NaN        	0          	0          	NaN        	58018.79109375  

0 - 8 - 10     	NaN        	0.0        	NaN        	NaN        	NaN        	NaN        	0          	0          	NaN        	58018.79109375  

0 - 9 - 10     	NaN        	0.0        	NaN        	NaN        	NaN        	NaN        	0          	0          	NaN        	58018.79109375  

1 - 2 - 3      	-2552.15447	0.214748364	38.28595712	127.7001317	295.5103908	-2134.05672	0          	0          	3584.561643	58018.7916377314

1 - 2 - 4      	NaN        	0.0        	NaN        	NaN        	NaN        	NaN        	0          	0          	NaN        	58018.7916377314

1 - 2 - 5      	113340.9356	0.214748364	11.14678466	285.1038570	186.3162036	313.7099683	0          	0          	6226.577094	58018.7916377314

1 - 2 - 6      	NaN        	0.0        	NaN        	NaN        	NaN        	NaN        	0          	0          	NaN        	58018.7916377314

1 - 2 - 7      	1117383.134	0.214748364	13.82681407	281.8297204	167.4298975	357.4625607	0          	0          	23687.62840	58018.7916377314

1 - 2 - 8      	NaN        	0.0        	NaN        	NaN        	NaN        	NaN        	0          	0          	NaN        	58018.7916377314

1 - 2 - 9      	NaN        	0.0        	NaN        	NaN        	NaN        	NaN        	0          	0          	NaN        	58018.7916377314

1 - 2 - 10     	NaN        	0.0        	NaN        	NaN        	NaN        	NaN        	0          	0          	NaN        	58018.7916377314

1 - 3 - 4      	NaN        	0.0        	NaN        	NaN        	NaN        	NaN        	0          	0          	NaN        	58018.7916377314

1 - 3 - 5      	-16571.9648	0.214748364	27.33466047	32.92351395	146.7609950	386.3280136	0          	0          	7670.981986	58018.7916377314

1 - 3 - 6      	NaN        	0.0        	NaN        	NaN        	NaN        	NaN        	0          	0          	NaN        	58018.7916377314

1 - 3 - 7      	-13745.5178	0.214748364	22.26736384	59.50827973	149.6305358	1090.672228	0          	0          	34582.96942	58018.7916377314

1 - 3 - 8      	NaN        	0.0        	NaN        	NaN        	NaN        	NaN        	0          	0          	NaN        	58018.7916377314

1 - 3 - 9      	NaN        	0.0        	NaN        	NaN        	NaN        	NaN        	0          	0          	NaN        	58018.7916377314

1 - 3 - 10     	NaN        	0.0        	NaN        	NaN        	NaN        	NaN        	0          	0          	NaN        	58018.7916377314

1 - 4 - 5      	NaN        	0.0        	NaN        	NaN        	NaN        	NaN        	0          	0          	NaN        	58018.7916377314

1 - 4 - 6      	NaN        	0.0        	NaN        	NaN        	NaN        	NaN        	0          	0          	NaN        	58018.7916377314

1 - 4 - 7      	NaN        	0.0        	NaN        	NaN        	NaN        	NaN        	0          	0          	NaN        	58018.7916377314

1 - 4 - 8      	NaN        	0.0        	NaN        	NaN        	NaN        	NaN        	0          	0          	NaN        	58018.7916377314

1 - 4 - 9      	NaN        	0.0        	NaN        	NaN        	NaN        	NaN        	0          	0          	NaN        	58018.7916377314

1 - 4 - 10     	NaN        	0.0        	NaN        	NaN        	NaN        	NaN        	0          	0          	NaN        	58018.7916377314

1 - 5 - 6      	NaN        	0.0        	NaN        	NaN        	NaN        	NaN        	0          	0          	NaN        	58018.7916377314

1 - 5 - 7      	NaN        	0.0        	NaN        	NaN        	NaN        	NaN        	0          	0          	NaN        	58018.7916377314

1 - 5 - 8      	NaN        	0.0        	NaN        	NaN        	NaN        	NaN        	0          	0          	NaN        	58018.7916377314

1 - 5 - 9      	NaN        	0.0        	NaN        	NaN        	NaN        	NaN        	0          	0          	NaN        	58018.7916377314

1 - 5 - 10     	NaN        	0.0        	NaN        	NaN        	NaN        	NaN        	0          	0          	NaN        	58018.7916377314

1 - 6 - 7      	NaN        	0.0        	NaN        	NaN        	NaN        	NaN        	0          	0          	NaN        	58018.7916377314

1 - 6 - 8      	NaN        	0.0        	NaN        	NaN        	NaN        	NaN        	0          	0          	NaN        	58018.7916377314

1 - 6 - 9      	NaN        	0.0        	NaN        	NaN        	NaN        	NaN        	0          	0          	NaN        	58018.7916377314

1 - 6 - 10     	NaN        	0.0        	NaN        	NaN        	NaN        	NaN        	0          	0          	NaN        	58018.7916377314

1 - 7 - 8      	NaN        	0.0        	NaN        	NaN        	NaN        	NaN        	0          	0          	NaN        	58018.7916377314

1 - 7 - 9      	NaN        	0.0        	NaN        	NaN        	NaN        	NaN        	0          	0          	NaN        	58018.7916377314

1 - 7 - 10     	NaN        	0.0        	NaN        	NaN        	NaN        	NaN        	0          	0          	NaN        	58018.7916377314

1 - 8 - 9      	NaN        	0.0        	NaN        	NaN        	NaN        	NaN        	0          	0          	NaN        	58018.7916377314

1 - 8 - 10     	NaN        	0.0        	NaN        	NaN        	NaN        	NaN        	0          	0          	NaN        	58018.7916377314

1 - 9 - 10     	NaN        	0.0        	NaN        	NaN        	NaN        	NaN        	0          	0          	NaN        	58018.7916377314

2 - 3 - 4      	NaN        	0.0        	NaN        	NaN        	NaN        	NaN        	0          	0          	NaN        	58018.7935243055

2 - 3 - 5      	-966.425229	0.214748364	47.28864979	72.26081107	136.6998592	9271.890783	0          	0          	6211.213993	58018.7935243055

2 - 3 - 6      	NaN        	0.0        	NaN        	NaN        	NaN        	NaN        	0          	0          	NaN        	58018.7935243055

2 - 3 - 7      	-38.1796081	0.214748364	27.55589886	74.61318299	143.5421330	2195058.557	0          	0          	47512.26255	58018.7935243055

2 - 3 - 8      	NaN        	0.0        	NaN        	NaN        	NaN        	NaN        	0          	0          	NaN        	58018.7935243055

2 - 3 - 9      	NaN        	0.0        	NaN        	NaN        	NaN        	NaN        	0          	0          	NaN        	58018.7935243055

2 - 3 - 10     	NaN        	0.0        	NaN        	NaN        	NaN        	NaN        	0          	0          	NaN        	58018.7935243055

2 - 4 - 5      	NaN        	0.0        	NaN        	NaN        	NaN        	NaN        	0          	0          	NaN        	58018.7935243055

2 - 4 - 6      	NaN        	0.0        	NaN        	NaN        	NaN        	NaN        	0          	0          	NaN        	58018.7935243055

2 - 4 - 7      	NaN        	0.0        	NaN        	NaN        	NaN        	NaN        	0          	0          	NaN        	58018.7935243055

2 - 4 - 8      	NaN        	0.0        	NaN        	NaN        	NaN        	NaN        	0          	0          	NaN        	58018.7935243055

2 - 4 - 9      	NaN        	0.0        	NaN        	NaN        	NaN        	NaN        	0          	0          	NaN        	58018.7935243055

2 - 4 - 10     	NaN        	0.0        	NaN        	NaN        	NaN        	NaN        	0          	0          	NaN        	58018.7935243055

2 - 5 - 6      	NaN        	0.0        	NaN        	NaN        	NaN        	NaN        	0          	0          	NaN        	58018.7935243055

2 - 5 - 7      	NaN        	0.0        	NaN        	NaN        	NaN        	NaN        	0          	0          	NaN        	58018.7935243055

2 - 5 - 8      	NaN        	0.0        	NaN        	NaN        	NaN        	NaN        	0          	0          	NaN        	58018.7935243055

2 - 5 - 9      	NaN        	0.0        	NaN        	NaN        	NaN        	NaN        	0          	0          	NaN        	58018.7935243055

2 - 5 - 10     	NaN        	0.0        	NaN        	NaN        	NaN        	NaN        	0          	0          	NaN        	58018.7935243055

2 - 6 - 7      	NaN        	0.0        	NaN        	NaN        	NaN        	NaN        	0          	0          	NaN        	58018.7935243055

2 - 6 - 8      	NaN        	0.0        	NaN        	NaN        	NaN        	NaN        	0          	0          	NaN        	58018.7935243055

2 - 6 - 9      	NaN        	0.0        	NaN        	NaN        	NaN        	NaN        	0          	0          	NaN        	58018.7935243055

2 - 6 - 10     	NaN        	0.0        	NaN        	NaN        	NaN        	NaN        	0          	0          	NaN        	58018.7935243055

2 - 7 - 8      	NaN        	0.0        	NaN        	NaN        	NaN        	NaN        	0          	0          	NaN        	58018.7935243055

2 - 7 - 9      	NaN        	0.0        	NaN        	NaN        	NaN        	NaN        	0          	0          	NaN        	58018.7935243055

2 - 7 - 10     	NaN        	0.0        	NaN        	NaN        	NaN        	NaN        	0          	0          	NaN        	58018.7935243055

2 - 8 - 9      	NaN        	0.0        	NaN        	NaN        	NaN        	NaN        	0          	0          	NaN        	58018.7935243055

2 - 8 - 10     	NaN        	0.0        	NaN        	NaN        	NaN        	NaN        	0          	0          	NaN        	58018.7935243055

2 - 9 - 10     	NaN        	0.0        	NaN        	NaN        	NaN        	NaN        	0          	0          	NaN        	58018.7935243055

3 - 4 - 5      	NaN        	0.0        	NaN        	NaN        	NaN        	NaN        	0          	0          	NaN        	58018.7946006944

3 - 4 - 6      	NaN        	0.0        	NaN        	NaN        	NaN        	NaN        	0          	0          	NaN        	58018.7946006944

3 - 4 - 7      	NaN        	0.0        	NaN        	NaN        	NaN        	NaN        	0          	0          	NaN        	58018.7946006944

3 - 4 - 8      	NaN        	0.0        	NaN        	NaN        	NaN        	NaN        	0          	0          	NaN        	58018.7946006944

3 - 4 - 9      	NaN        	0.0        	NaN        	NaN        	NaN        	NaN        	0          	0          	NaN        	58018.7946006944

3 - 4 - 10     	NaN        	0.0        	NaN        	NaN        	NaN        	NaN        	0          	0          	NaN        	58018.7946006944

3 - 5 - 6      	NaN        	0.0        	NaN        	NaN        	NaN        	NaN        	0          	0          	NaN        	58018.7946006944

3 - 5 - 7      	NaN        	0.0        	NaN        	NaN        	NaN        	NaN        	0          	0          	NaN        	58018.7946006944

3 - 5 - 8      	NaN        	0.0        	NaN        	NaN        	NaN        	NaN        	0          	0          	NaN        	58018.7946006944

3 - 5 - 9      	NaN        	0.0        	NaN        	NaN        	NaN        	NaN        	0          	0          	NaN        	58018.7946006944

3 - 5 - 10     	NaN        	0.0        	NaN        	NaN        	NaN        	NaN        	0          	0          	NaN        	58018.7946006944

3 - 6 - 7      	NaN        	0.0        	NaN        	NaN        	NaN        	NaN        	0          	0          	NaN        	58018.7946006944

3 - 6 - 8      	NaN        	0.0        	NaN        	NaN        	NaN        	NaN        	0          	0          	NaN        	58018.7946006944

3 - 6 - 9      	NaN        	0.0        	NaN        	NaN        	NaN        	NaN        	0          	0          	NaN        	58018.7946006944

3 - 6 - 10     	NaN        	0.0        	NaN        	NaN        	NaN        	NaN        	0          	0          	NaN        	58018.7946006944

3 - 7 - 8      	NaN        	0.0        	NaN        	NaN        	NaN        	NaN        	0          	0          	NaN        	58018.7946006944

3 - 7 - 9      	NaN        	0.0        	NaN        	NaN        	NaN        	NaN        	0          	0          	NaN        	58018.7946006944

3 - 7 - 10     	NaN        	0.0        	NaN        	NaN        	NaN        	NaN        	0          	0          	NaN        	58018.7946006944

3 - 8 - 9      	NaN        	0.0        	NaN        	NaN        	NaN        	NaN        	0          	0          	NaN        	58018.7946006944

3 - 8 - 10     	NaN        	0.0        	NaN        	NaN        	NaN        	NaN        	0          	0          	NaN        	58018.7946006944

3 - 9 - 10     	NaN        	0.0        	NaN        	NaN        	NaN        	NaN        	0          	0          	NaN        	58018.7946006944

4 - 5 - 6      	NaN        	0.0        	NaN        	NaN        	NaN        	NaN        	0          	0          	NaN        	58018.7954108796

4 - 5 - 7      	NaN        	0.0        	NaN        	NaN        	NaN        	NaN        	0          	0          	NaN        	58018.7954108796

4 - 5 - 8      	NaN        	0.0        	NaN        	NaN        	NaN        	NaN        	0          	0          	NaN        	58018.7954108796

4 - 5 - 9      	NaN        	0.0        	NaN        	NaN        	NaN        	NaN        	0          	0          	NaN        	58018.7954108796

4 - 5 - 10     	NaN        	0.0        	NaN        	NaN        	NaN        	NaN        	0          	0          	NaN        	58018.7954108796

4 - 6 - 7      	NaN        	0.0        	NaN        	NaN        	NaN        	NaN        	0          	0          	NaN        	58018.7954108796

4 - 6 - 8      	NaN        	0.0        	NaN        	NaN        	NaN        	NaN        	0          	0          	NaN        	58018.7954108796

4 - 6 - 9      	NaN        	0.0        	NaN        	NaN        	NaN        	NaN        	0          	0          	NaN        	58018.7954108796

4 - 6 - 10     	NaN        	0.0        	NaN        	NaN        	NaN        	NaN        	0          	0          	NaN        	58018.7954108796

4 - 7 - 8      	NaN        	0.0        	NaN        	NaN        	NaN        	NaN        	0          	0          	NaN        	58018.7954108796

4 - 7 - 9      	NaN        	0.0        	NaN        	NaN        	NaN        	NaN        	0          	0          	NaN        	58018.7954108796

4 - 7 - 10     	NaN        	0.0        	NaN        	NaN        	NaN        	NaN        	0          	0          	NaN        	58018.7954108796

4 - 8 - 9      	NaN        	0.0        	NaN        	NaN        	NaN        	NaN        	0          	0          	NaN        	58018.7954108796

4 - 8 - 10     	NaN        	0.0        	NaN        	NaN        	NaN        	NaN        	0          	0          	NaN        	58018.7954108796

4 - 9 - 10     	NaN        	0.0        	NaN        	NaN        	NaN        	NaN        	0          	0          	NaN        	58018.7954108796

5 - 6 - 7      	NaN        	0.0        	NaN        	NaN        	NaN        	NaN        	0          	0          	NaN        	58018.7967534722

5 - 6 - 8      	NaN        	0.0        	NaN        	NaN        	NaN        	NaN        	0          	0          	NaN        	58018.7967534722

5 - 6 - 9      	NaN        	0.0        	NaN        	NaN        	NaN        	NaN        	0          	0          	NaN        	58018.7967534722

5 - 6 - 10     	NaN        	0.0        	NaN        	NaN        	NaN        	NaN        	0          	0          	NaN        	58018.7967534722

5 - 7 - 8      	NaN        	0.0        	NaN        	NaN        	NaN        	NaN        	0          	0          	NaN        	58018.7967534722

5 - 7 - 9      	NaN        	0.0        	NaN        	NaN        	NaN        	NaN        	0          	0          	NaN        	58018.7967534722

5 - 7 - 10     	NaN        	0.0        	NaN        	NaN        	NaN        	NaN        	0          	0          	NaN        	58018.7967534722

5 - 8 - 9      	NaN        	0.0        	NaN        	NaN        	NaN        	NaN        	0          	0          	NaN        	58018.7967534722

5 - 8 - 10     	NaN        	0.0        	NaN        	NaN        	NaN        	NaN        	0          	0          	NaN        	58018.7967534722

5 - 9 - 10     	NaN        	0.0        	NaN        	NaN        	NaN        	NaN        	0          	0          	NaN        	58018.7967534722

6 - 7 - 8      	NaN        	0.0        	NaN        	NaN        	NaN        	NaN        	0          	0          	NaN        	58018.7978414351

6 - 7 - 9      	NaN        	0.0        	NaN        	NaN        	NaN        	NaN        	0          	0          	NaN        	58018.7978414351

6 - 7 - 10     	NaN        	0.0        	NaN        	NaN        	NaN        	NaN        	0          	0          	NaN        	58018.7978414351

6 - 8 - 9      	NaN        	0.0        	NaN        	NaN        	NaN        	NaN        	0          	0          	NaN        	58018.7978414351

6 - 8 - 10     	NaN        	0.0        	NaN        	NaN        	NaN        	NaN        	0          	0          	NaN        	58018.7978414351

6 - 9 - 10     	NaN        	0.0        	NaN        	NaN        	NaN        	NaN        	0          	0          	NaN        	58018.7978414351

7 - 8 - 9      	NaN        	0.0        	NaN        	NaN        	NaN        	NaN        	0          	0          	NaN        	58018.7986516203

7 - 8 - 10     	NaN        	0.0        	NaN        	NaN        	NaN        	NaN        	0          	0          	NaN        	58018.7986516203

7 - 9 - 10     	NaN        	0.0        	NaN        	NaN        	NaN        	NaN        	0          	0          	NaN        	58018.7986516203

8 - 9 - 10     	NaN        	0.0        	NaN        	NaN        	NaN        	NaN        	0          	0          	NaN        	58018.8002604166

0 - 1 - 2      	NaN        	0.0        	0.0        	0.0        	0.0        	NaN        	0          	1          	NaN        	58018.7916377314

0 - 1 - 3      	NaN        	0.0        	0.0        	0.0        	0.0        	NaN        	0          	1          	NaN        	58018.7916377314

0 - 1 - 4      	NaN        	0.0        	0.0        	0.0        	0.0        	NaN        	0          	1          	NaN        	58018.7916377314

0 - 1 - 5      	NaN        	0.0        	0.0        	0.0        	0.0        	NaN        	0          	1          	NaN        	58018.7916377314

0 - 1 - 6      	NaN        	0.0        	0.0        	0.0        	0.0        	NaN        	0          	1          	NaN        	58018.7916377314

0 - 1 - 7      	NaN        	0.0        	0.0        	0.0        	0.0        	NaN        	0          	1          	NaN        	58018.7916377314

0 - 1 - 8      	NaN        	0.0        	0.0        	0.0        	0.0        	NaN        	0          	1          	NaN        	58018.7916377314

0 - 1 - 9      	NaN        	0.0        	0.0        	0.0        	0.0        	NaN        	0          	1          	NaN        	58018.7916377314

0 - 1 - 10     	NaN        	0.0        	0.0        	0.0        	0.0        	NaN        	0          	1          	NaN        	58018.7916377314

0 - 2 - 3      	NaN        	0.0        	0.0        	0.0        	0.0        	NaN        	0          	1          	NaN        	58018.7935243055

0 - 2 - 4      	NaN        	0.0        	0.0        	0.0        	0.0        	NaN        	0          	1          	NaN        	58018.7935243055

0 - 2 - 5      	NaN        	0.0        	0.0        	0.0        	0.0        	NaN        	0          	1          	NaN        	58018.7935243055

0 - 2 - 6      	81760.54045	0.214748364	12.34293466	299.4044123	177.8244839	264.7689405	0          	1          	6744.098522	58018.7935243055

0 - 2 - 7      	52427.56404	0.214748364	12.83028234	306.3854907	179.1399484	200.3329777	0          	1          	3060.421974	58018.7935243055

0 - 2 - 8      	NaN        	0.0        	0.0        	0.0        	0.0        	NaN        	0          	1          	NaN        	58018.7935243055

0 - 2 - 9      	NaN        	0.0        	0.0        	0.0        	0.0        	NaN        	0          	1          	NaN        	58018.7935243055

0 - 2 - 10     	NaN        	0.0        	0.0        	0.0        	0.0        	NaN        	0          	1          	NaN        	58018.7935243055

0 - 3 - 4      	NaN        	0.0        	0.0        	0.0        	0.0        	NaN        	0          	1          	NaN        	58018.7946006944

0 - 3 - 5      	NaN        	0.0        	0.0        	0.0        	0.0        	NaN        	0          	1          	NaN        	58018.7946006944

0 - 3 - 6      	NaN        	0.0        	0.0        	0.0        	0.0        	NaN        	0          	1          	NaN        	58018.7946006944

0 - 3 - 7      	370343.5377	0.214748364	20.50445093	354.2800114	155.0861965	5.812471348	0          	1          	5709.432473	58018.7946006944

0 - 3 - 8      	NaN        	0.0        	0.0        	0.0        	0.0        	NaN        	0          	1          	NaN        	58018.7946006944

0 - 3 - 9      	NaN        	0.0        	0.0        	0.0        	0.0        	NaN        	0          	1          	NaN        	58018.7946006944

0 - 3 - 10     	NaN        	0.0        	0.0        	0.0        	0.0        	NaN        	0          	1          	NaN        	58018.7946006944

0 - 4 - 5      	NaN        	0.0        	0.0        	0.0        	0.0        	NaN        	0          	1          	NaN        	58018.7954108796

0 - 4 - 6      	NaN        	0.0        	0.0        	0.0        	0.0        	NaN        	0          	1          	NaN        	58018.7954108796

0 - 4 - 7      	NaN        	0.0        	0.0        	0.0        	0.0        	NaN        	0          	1          	NaN        	58018.7954108796

0 - 4 - 8      	NaN        	0.0        	0.0        	0.0        	0.0        	NaN        	0          	1          	NaN        	58018.7954108796

0 - 4 - 9      	NaN        	0.0        	0.0        	0.0        	0.0        	NaN        	0          	1          	NaN        	58018.7954108796

0 - 4 - 10     	NaN        	0.0        	0.0        	0.0        	0.0        	NaN        	0          	1          	NaN        	58018.7954108796

0 - 5 - 6      	NaN        	0.0        	0.0        	0.0        	0.0        	NaN        	0          	1          	NaN        	58018.7967534722

0 - 5 - 7      	396218.0964	0.214748364	18.40262541	260.2085378	154.3701265	307.4039658	0          	1          	210938.7189	58018.7967534722

0 - 5 - 8      	NaN        	0.0        	0.0        	0.0        	0.0        	NaN        	0          	1          	NaN        	58018.7967534722

0 - 5 - 9      	NaN        	0.0        	0.0        	0.0        	0.0        	NaN        	0          	1          	NaN        	58018.7967534722

0 - 5 - 10     	NaN        	0.0        	0.0        	0.0        	0.0        	NaN        	0          	1          	NaN        	58018.7967534722

0 - 6 - 7      	NaN        	0.0        	0.0        	0.0        	0.0        	NaN        	0          	1          	NaN        	58018.7978414351

0 - 6 - 8      	NaN        	0.0        	0.0        	0.0        	0.0        	NaN        	0          	1          	NaN        	58018.7978414351

0 - 6 - 9      	NaN        	0.0        	0.0        	0.0        	0.0        	NaN        	0          	1          	NaN        	58018.7978414351

0 - 6 - 10     	NaN        	0.0        	0.0        	0.0        	0.0        	NaN        	0          	1          	NaN        	58018.7978414351

0 - 7 - 8      	NaN        	0.0        	0.0        	0.0        	0.0        	NaN        	0          	1          	NaN        	58018.7986516203

0 - 7 - 9      	NaN        	0.0        	0.0        	0.0        	0.0        	NaN        	0          	1          	NaN        	58018.7986516203

0 - 7 - 10     	NaN        	0.0        	0.0        	0.0        	0.0        	NaN        	0          	1          	NaN        	58018.7986516203

0 - 8 - 9      	NaN        	0.0        	0.0        	0.0        	0.0        	NaN        	0          	1          	NaN        	58018.8002604166

0 - 8 - 10     	NaN        	0.0        	0.0        	0.0        	0.0        	NaN        	0          	1          	NaN        	58018.8002604166

0 - 9 - 10     	NaN        	0.0        	0.0        	0.0        	0.0        	NaN        	0          	1          	NaN        	58018.8018807870

1 - 2 - 3      	NaN        	0.0        	0.0        	0.0        	0.0        	NaN        	0          	1          	NaN        	58018.7935243055

1 - 2 - 4      	NaN        	0.0        	0.0        	0.0        	0.0        	NaN        	0          	1          	NaN        	58018.7935243055

1 - 2 - 5      	113343.4377	0.214748364	11.14678466	285.1033496	186.3162036	313.8662789	0          	1          	6226.763854	58018.7935243055

1 - 2 - 6      	NaN        	0.0        	0.0        	0.0        	0.0        	NaN        	0          	1          	NaN        	58018.7935243055

1 - 2 - 7      	1117707.092	0.214748364	13.82681406	281.8286566	167.4298976	357.4686702	0          	1          	23688.26552	58018.7935243055

1 - 2 - 8      	NaN        	0.0        	0.0        	0.0        	0.0        	NaN        	0          	1          	NaN        	58018.7935243055

1 - 2 - 9      	NaN        	0.0        	0.0        	0.0        	0.0        	NaN        	0          	1          	NaN        	58018.7935243055

1 - 2 - 10     	NaN        	0.0        	0.0        	0.0        	0.0        	NaN        	0          	1          	NaN        	58018.7935243055

1 - 3 - 4      	NaN        	0.0        	0.0        	0.0        	0.0        	NaN        	0          	1          	NaN        	58018.7946006944

1 - 3 - 5      	NaN        	0.0        	0.0        	0.0        	0.0        	NaN        	0          	1          	NaN        	58018.7946006944

1 - 3 - 6      	NaN        	0.0        	0.0        	0.0        	0.0        	NaN        	0          	1          	NaN        	58018.7946006944

1 - 3 - 7      	NaN        	0.0        	0.0        	0.0        	0.0        	NaN        	0          	1          	NaN        	58018.7946006944

1 - 3 - 8      	NaN        	0.0        	0.0        	0.0        	0.0        	NaN        	0          	1          	NaN        	58018.7946006944

1 - 3 - 9      	NaN        	0.0        	0.0        	0.0        	0.0        	NaN        	0          	1          	NaN        	58018.7946006944

1 - 3 - 10     	NaN        	0.0        	0.0        	0.0        	0.0        	NaN        	0          	1          	NaN        	58018.7946006944

1 - 4 - 5      	NaN        	0.0        	0.0        	0.0        	0.0        	NaN        	0          	1          	NaN        	58018.7954108796

1 - 4 - 6      	NaN        	0.0        	0.0        	0.0        	0.0        	NaN        	0          	1          	NaN        	58018.7954108796

1 - 4 - 7      	NaN        	0.0        	0.0        	0.0        	0.0        	NaN        	0          	1          	NaN        	58018.7954108796

1 - 4 - 8      	NaN        	0.0        	0.0        	0.0        	0.0        	NaN        	0          	1          	NaN        	58018.7954108796

1 - 4 - 9      	NaN        	0.0        	0.0        	0.0        	0.0        	NaN        	0          	1          	NaN        	58018.7954108796

1 - 4 - 10     	NaN        	0.0        	0.0        	0.0        	0.0        	NaN        	0          	1          	NaN        	58018.7954108796

1 - 5 - 6      	NaN        	0.0        	0.0        	0.0        	0.0        	NaN        	0          	1          	NaN        	58018.7967534722

1 - 5 - 7      	NaN        	0.0        	0.0        	0.0        	0.0        	NaN        	0          	1          	NaN        	58018.7967534722

1 - 5 - 8      	NaN        	0.0        	0.0        	0.0        	0.0        	NaN        	0          	1          	NaN        	58018.7967534722

1 - 5 - 9      	NaN        	0.0        	0.0        	0.0        	0.0        	NaN        	0          	1          	NaN        	58018.7967534722

1 - 5 - 10     	NaN        	0.0        	0.0        	0.0        	0.0        	NaN        	0          	1          	NaN        	58018.7967534722

1 - 6 - 7      	NaN        	0.0        	0.0        	0.0        	0.0        	NaN        	0          	1          	NaN        	58018.7978414351

1 - 6 - 8      	NaN        	0.0        	0.0        	0.0        	0.0        	NaN        	0          	1          	NaN        	58018.7978414351

1 - 6 - 9      	NaN        	0.0        	0.0        	0.0        	0.0        	NaN        	0          	1          	NaN        	58018.7978414351

1 - 6 - 10     	NaN        	0.0        	0.0        	0.0        	0.0        	NaN        	0          	1          	NaN        	58018.7978414351

1 - 7 - 8      	NaN        	0.0        	0.0        	0.0        	0.0        	NaN        	0          	1          	NaN        	58018.7986516203

1 - 7 - 9      	NaN        	0.0        	0.0        	0.0        	0.0        	NaN        	0          	1          	NaN        	58018.7986516203

1 - 7 - 10     	NaN        	0.0        	0.0        	0.0        	0.0        	NaN        	0          	1          	NaN        	58018.7986516203

1 - 8 - 9      	NaN        	0.0        	0.0        	0.0        	0.0        	NaN        	0          	1          	NaN        	58018.8002604166

1 - 8 - 10     	NaN        	0.0        	0.0        	0.0        	0.0        	NaN        	0          	1          	NaN        	58018.8002604166

1 - 9 - 10     	NaN        	0.0        	0.0        	0.0        	0.0        	NaN        	0          	1          	NaN        	58018.8018807870

2 - 3 - 4      	NaN        	0.0        	0.0        	0.0        	0.0        	NaN        	0          	1          	NaN        	58018.7946006944

2 - 3 - 5      	NaN        	0.0        	0.0        	0.0        	0.0        	NaN        	0          	1          	NaN        	58018.7946006944

2 - 3 - 6      	NaN        	0.0        	0.0        	0.0        	0.0        	NaN        	0          	1          	NaN        	58018.7946006944

2 - 3 - 7      	NaN        	0.0        	0.0        	0.0        	0.0        	NaN        	0          	1          	NaN        	58018.7946006944

2 - 3 - 8      	NaN        	0.0        	0.0        	0.0        	0.0        	NaN        	0          	1          	NaN        	58018.7946006944

2 - 3 - 9      	NaN        	0.0        	0.0        	0.0        	0.0        	NaN        	0          	1          	NaN        	58018.7946006944

2 - 3 - 10     	NaN        	0.0        	0.0        	0.0        	0.0        	NaN        	0          	1          	NaN        	58018.7946006944

2 - 4 - 5      	NaN        	0.0        	0.0        	0.0        	0.0        	NaN        	0          	1          	NaN        	58018.7954108796

2 - 4 - 6      	NaN        	0.0        	0.0        	0.0        	0.0        	NaN        	0          	1          	NaN        	58018.7954108796

2 - 4 - 7      	NaN        	0.0        	0.0        	0.0        	0.0        	NaN        	0          	1          	NaN        	58018.7954108796

2 - 4 - 8      	NaN        	0.0        	0.0        	0.0        	0.0        	NaN        	0          	1          	NaN        	58018.7954108796

2 - 4 - 9      	NaN        	0.0        	0.0        	0.0        	0.0        	NaN        	0          	1          	NaN        	58018.7954108796

2 - 4 - 10     	NaN        	0.0        	0.0        	0.0        	0.0        	NaN        	0          	1          	NaN        	58018.7954108796

2 - 5 - 6      	NaN        	0.0        	0.0        	0.0        	0.0        	NaN        	0          	1          	NaN        	58018.7967534722

2 - 5 - 7      	NaN        	0.0        	0.0        	0.0        	0.0        	NaN        	0          	1          	NaN        	58018.7967534722

2 - 5 - 8      	NaN        	0.0        	0.0        	0.0        	0.0        	NaN        	0          	1          	NaN        	58018.7967534722

2 - 5 - 9      	NaN        	0.0        	0.0        	0.0        	0.0        	NaN        	0          	1          	NaN        	58018.7967534722

2 - 5 - 10     	NaN        	0.0        	0.0        	0.0        	0.0        	NaN        	0          	1          	NaN        	58018.7967534722

2 - 6 - 7      	NaN        	0.0        	0.0        	0.0        	0.0        	NaN        	0          	1          	NaN        	58018.7978414351

2 - 6 - 8      	NaN        	0.0        	0.0        	0.0        	0.0        	NaN        	0          	1          	NaN        	58018.7978414351

2 - 6 - 9      	NaN        	0.0        	0.0        	0.0        	0.0        	NaN        	0          	1          	NaN        	58018.7978414351

2 - 6 - 10     	NaN        	0.0        	0.0        	0.0        	0.0        	NaN        	0          	1          	NaN        	58018.7978414351

2 - 7 - 8      	NaN        	0.0        	0.0        	0.0        	0.0        	NaN        	0          	1          	NaN        	58018.7986516203

2 - 7 - 9      	NaN        	0.0        	0.0        	0.0        	0.0        	NaN        	0          	1          	NaN        	58018.7986516203

2 - 7 - 10     	NaN        	0.0        	0.0        	0.0        	0.0        	NaN        	0          	1          	NaN        	58018.7986516203

2 - 8 - 9      	NaN        	0.0        	0.0        	0.0        	0.0        	NaN        	0          	1          	NaN        	58018.8002604166

2 - 8 - 10     	NaN        	0.0        	0.0        	0.0        	0.0        	NaN        	0          	1          	NaN        	58018.8002604166

2 - 9 - 10     	NaN        	0.0        	0.0        	0.0        	0.0        	NaN        	0          	1          	NaN        	58018.8018807870

3 - 4 - 5      	NaN        	0.0        	0.0        	0.0        	0.0        	NaN        	0          	1          	NaN        	58018.7954108796

3 - 4 - 6      	NaN        	0.0        	0.0        	0.0        	0.0        	NaN        	0          	1          	NaN        	58018.7954108796

3 - 4 - 7      	NaN        	0.0        	0.0        	0.0        	0.0        	NaN        	0          	1          	NaN        	58018.7954108796

3 - 4 - 8      	NaN        	0.0        	0.0        	0.0        	0.0        	NaN        	0          	1          	NaN        	58018.7954108796

3 - 4 - 9      	NaN        	0.0        	0.0        	0.0        	0.0        	NaN        	0          	1          	NaN        	58018.7954108796

3 - 4 - 10     	NaN        	0.0        	0.0        	0.0        	0.0        	NaN        	0          	1          	NaN        	58018.7954108796

3 - 5 - 6      	NaN        	0.0        	0.0        	0.0        	0.0        	NaN        	0          	1          	NaN        	58018.7967534722

3 - 5 - 7      	NaN        	0.0        	0.0        	0.0        	0.0        	NaN        	0          	1          	NaN        	58018.7967534722

3 - 5 - 8      	NaN        	0.0        	0.0        	0.0        	0.0        	NaN        	0          	1          	NaN        	58018.7967534722

3 - 5 - 9      	NaN        	0.0        	0.0        	0.0        	0.0        	NaN        	0          	1          	NaN        	58018.7967534722

3 - 5 - 10     	NaN        	0.0        	0.0        	0.0        	0.0        	NaN        	0          	1          	NaN        	58018.7967534722

3 - 6 - 7      	NaN        	0.0        	0.0        	0.0        	0.0        	NaN        	0          	1          	NaN        	58018.7978414351

3 - 6 - 8      	NaN        	0.0        	0.0        	0.0        	0.0        	NaN        	0          	1          	NaN        	58018.7978414351

3 - 6 - 9      	NaN        	0.0        	0.0        	0.0        	0.0        	NaN        	0          	1          	NaN        	58018.7978414351

3 - 6 - 10     	NaN        	0.0        	0.0        	0.0        	0.0        	NaN        	0          	1          	NaN        	58018.7978414351

3 - 7 - 8      	NaN        	0.0        	0.0        	0.0        	0.0        	NaN        	0          	1          	NaN        	58018.7986516203

3 - 7 - 9      	NaN        	0.0        	0.0        	0.0        	0.0        	NaN        	0          	1          	NaN        	58018.7986516203

3 - 7 - 10     	NaN        	0.0        	0.0        	0.0        	0.0        	NaN        	0          	1          	NaN        	58018.7986516203

3 - 8 - 9      	NaN        	0.0        	0.0        	0.0        	0.0        	NaN        	0          	1          	NaN        	58018.8002604166

3 - 8 - 10     	NaN        	0.0        	0.0        	0.0        	0.0        	NaN        	0          	1          	NaN        	58018.8002604166

3 - 9 - 10     	NaN        	0.0        	0.0        	0.0        	0.0        	NaN        	0          	1          	NaN        	58018.8018807870

4 - 5 - 6      	NaN        	0.0        	0.0        	0.0        	0.0        	NaN        	0          	1          	NaN        	58018.7967534722

4 - 5 - 7      	NaN        	0.0        	0.0        	0.0        	0.0        	NaN        	0          	1          	NaN        	58018.7967534722

4 - 5 - 8      	NaN        	0.0        	0.0        	0.0        	0.0        	NaN        	0          	1          	NaN        	58018.7967534722

4 - 5 - 9      	NaN        	0.0        	0.0        	0.0        	0.0        	NaN        	0          	1          	NaN        	58018.7967534722

4 - 5 - 10     	NaN        	0.0        	0.0        	0.0        	0.0        	NaN        	0          	1          	NaN        	58018.7967534722

4 - 6 - 7      	NaN        	0.0        	0.0        	0.0        	0.0        	NaN        	0          	1          	NaN        	58018.7978414351

4 - 6 - 8      	NaN        	0.0        	0.0        	0.0        	0.0        	NaN        	0          	1          	NaN        	58018.7978414351

4 - 6 - 9      	NaN        	0.0        	0.0        	0.0        	0.0        	NaN        	0          	1          	NaN        	58018.7978414351

4 - 6 - 10     	NaN        	0.0        	0.0        	0.0        	0.0        	NaN        	0          	1          	NaN        	58018.7978414351

4 - 7 - 8      	NaN        	0.0        	0.0        	0.0        	0.0        	NaN        	0          	1          	NaN        	58018.7986516203

4 - 7 - 9      	NaN        	0.0        	0.0        	0.0        	0.0        	NaN        	0          	1          	NaN        	58018.7986516203

4 - 7 - 10     	NaN        	0.0        	0.0        	0.0        	0.0        	NaN        	0          	1          	NaN        	58018.7986516203

4 - 8 - 9      	NaN        	0.0        	0.0        	0.0        	0.0        	NaN        	0          	1          	NaN        	58018.8002604166

4 - 8 - 10     	NaN        	0.0        	0.0        	0.0        	0.0        	NaN        	0          	1          	NaN        	58018.8002604166

4 - 9 - 10     	NaN        	0.0        	0.0        	0.0        	0.0        	NaN        	0          	1          	NaN        	58018.8018807870

5 - 6 - 7      	NaN        	0.0        	0.0        	0.0        	0.0        	NaN        	0          	1          	NaN        	58018.7978414351

5 - 6 - 8      	NaN        	0.0        	0.0        	0.0        	0.0        	NaN        	0          	1          	NaN        	58018.7978414351

5 - 6 - 9      	NaN        	0.0        	0.0        	0.0        	0.0        	NaN        	0          	1          	NaN        	58018.7978414351

5 - 6 - 10     	NaN        	0.0        	0.0        	0.0        	0.0        	NaN        	0          	1          	NaN        	58018.7978414351

5 - 7 - 8      	NaN        	0.0        	0.0        	0.0        	0.0        	NaN        	0          	1          	NaN        	58018.7986516203

5 - 7 - 9      	NaN        	0.0        	0.0        	0.0        	0.0        	NaN        	0          	1          	NaN        	58018.7986516203

5 - 7 - 10     	NaN        	0.0        	0.0        	0.0        	0.0        	NaN        	0          	1          	NaN        	58018.7986516203

5 - 8 - 9      	NaN        	0.0        	0.0        	0.0        	0.0        	NaN        	0          	1          	NaN        	58018.8002604166

5 - 8 - 10     	NaN        	0.0        	0.0        	0.0        	0.0        	NaN        	0          	1          	NaN        	58018.8002604166

5 - 9 - 10     	NaN        	0.0        	0.0        	0.0        	0.0        	NaN        	0          	1          	NaN        	58018.8018807870

6 - 7 - 8      	NaN        	0.0        	0.0        	0.0        	0.0        	NaN        	0          	1          	NaN        	58018.7986516203

6 - 7 - 9      	NaN        	0.0        	0.0        	0.0        	0.0        	NaN        	0          	1          	NaN        	58018.7986516203

6 - 7 - 10     	NaN        	0.0        	0.0        	0.0        	0.0        	NaN        	0          	1          	NaN        	58018.7986516203

6 - 8 - 9      	NaN        	0.0        	0.0        	0.0        	0.0        	NaN        	0          	1          	NaN        	58018.8002604166

6 - 8 - 10     	NaN        	0.0        	0.0        	0.0        	0.0        	NaN        	0          	1          	NaN        	58018.8002604166

6 - 9 - 10     	NaN        	0.0        	0.0        	0.0        	0.0        	NaN        	0          	1          	NaN        	58018.8018807870

7 - 8 - 9      	NaN        	0.0        	0.0        	0.0        	0.0        	NaN        	0          	1          	NaN        	58018.8002604166

7 - 8 - 10     	NaN        	0.0        	0.0        	0.0        	0.0        	NaN        	0          	1          	NaN        	58018.8002604166

7 - 9 - 10     	NaN        	0.0        	0.0        	0.0        	0.0        	NaN        	0          	1          	NaN        	58018.8018807870

8 - 9 - 10     	NaN        	0.0        	0.0        	0.0        	0.0        	NaN        	0          	1          	NaN        	58018.8018807870

0 - 1 - 2      	-1736.93273	0.214748364	46.35598520	66.05484607	137.2548463	4167.915597	1          	0          	5547.772646	58018.79109375  

0 - 1 - 3      	-12534.0632	0.214748364	30.17002840	34.29114821	144.9576093	472.7843543	1          	0          	6085.329206	58018.79109375  

0 - 1 - 4      	-4495.36964	0.214748364	36.25677713	53.70617633	141.1902856	1594.473389	1          	0          	6433.428776	58018.79109375  

0 - 1 - 5      	-9516.81522	0.214748364	30.68748269	41.01847976	144.3912081	697.5746077	1          	0          	6821.461814	58018.79109375  

0 - 1 - 6      	-42280.8831	0.214748364	25.12540324	13.89983377	149.3818052	102.1792201	1          	0          	5585.276236	58018.79109375  

0 - 1 - 7      	-29376.6784	0.214748364	26.34619832	19.10405155	148.1586985	163.8140698	1          	0          	5716.536040	58018.79109375  

0 - 1 - 8      	-2231.79062	0.214748364	44.53294197	62.85830356	137.9151894	3125.106364	1          	0          	5523.563530	58018.79109375  

0 - 1 - 9      	-2231.79062	0.214748364	44.53294197	62.85830356	137.9151894	3125.106364	1          	0          	5523.563530	58018.79109375  

0 - 1 - 10     	-2231.79062	0.214748364	44.53294197	62.85830356	137.9151894	3125.106364	1          	0          	5523.563530	58018.79109375  

0 - 2 - 3      	-5023.51592	0.214748364	24.28632036	143.5761666	286.0733511	-955.520298	1          	0          	4173.762493	58018.79109375  

0 - 2 - 4      	137420.0622	0.214748364	17.10799357	347.9025236	158.8038706	78.78526605	1          	0          	23004.21996	58018.79109375  

0 - 2 - 5      	86327.26519	0.214748364	15.24522366	324.4101246	164.5330174	167.4840028	1          	0          	12212.11572	58018.79109375  

0 - 2 - 6      	81865.08645	0.214748364	12.35381642	299.4072866	177.8206739	264.4271129	1          	0          	6755.870074	58018.79109375  

0 - 2 - 7      	53208.87293	0.214748364	12.89806419	306.9045114	178.6163339	199.4192358	1          	0          	3180.127816	58018.79109375  

0 - 2 - 8      	-120220.844	0.214748364	22.37178202	5.722369544	152.2442265	27.50215510	1          	0          	6416.322411	58018.79109375  

0 - 2 - 9      	-120220.844	0.214748364	22.37178202	5.722369544	152.2442265	27.50215510	1          	0          	6416.322411	58018.79109375  

0 - 2 - 10     	-120220.844	0.214748364	22.37178202	5.722369544	152.2442265	27.50215510	1          	0          	6416.322411	58018.79109375  

0 - 3 - 4      	-2507.45866	0.214748364	46.32257620	60.54204975	137.4946012	2488.407840	1          	0          	5047.697654	58018.79109375  

0 - 3 - 5      	-24866.4794	0.214748364	27.25069894	22.47007775	147.2990100	204.7108326	1          	0          	5937.991944	58018.79109375  

0 - 3 - 6      	267285.0427	0.214748364	19.89981889	353.4286267	155.8263341	10.39398577	1          	0          	6432.854367	58018.79109375  

0 - 3 - 7      	355045.2272	0.214748364	20.56059633	354.1478612	155.0492123	6.128874276	1          	0          	5659.746861	58018.79109375  

0 - 3 - 8      	267285.0427	0.214748364	19.89981889	353.4286267	155.8263341	10.39398577	1          	0          	6432.854367	58018.79109375  

0 - 3 - 9      	267285.0427	0.214748364	19.89981889	353.4286267	155.8263341	10.39398577	1          	0          	6432.854367	58018.79109375  

0 - 3 - 10     	267285.0427	0.214748364	19.89981889	353.4286267	155.8263341	10.39398577	1          	0          	6432.854367	58018.79109375  

0 - 4 - 5      	132604.6455	0.214748364	18.88012389	347.5903701	157.6071849	33.20897118	1          	0          	6364.990816	58018.79109375  

0 - 4 - 6      	132604.6455	0.214748364	18.88012389	347.5903701	157.6071849	33.20897118	1          	0          	6364.990816	58018.79109375  

0 - 4 - 7      	132604.6455	0.214748364	18.88012389	347.5903701	157.6071849	33.20897118	1          	0          	6364.990816	58018.79109375  

0 - 4 - 8      	132604.6455	0.214748364	18.88012389	347.5903701	157.6071849	33.20897118	1          	0          	6364.990816	58018.79109375  

0 - 4 - 9      	132604.6455	0.214748364	18.88012389	347.5903701	157.6071849	33.20897118	1          	0          	6364.990816	58018.79109375  

0 - 4 - 10     	132604.6455	0.214748364	18.88012389	347.5903701	157.6071849	33.20897118	1          	0          	6364.990816	58018.79109375  

0 - 5 - 6      	94142.07156	0.214748364	17.73491360	341.1220765	159.8877211	62.94315839	1          	0          	6323.537165	58018.79109375  

0 - 5 - 7      	94142.07156	0.214748364	17.73491360	341.1220765	159.8877211	62.94315839	1          	0          	6323.537165	58018.79109375  

0 - 5 - 8      	94142.07156	0.214748364	17.73491360	341.1220765	159.8877211	62.94315839	1          	0          	6323.537165	58018.79109375  

0 - 5 - 9      	94142.07156	0.214748364	17.73491360	341.1220765	159.8877211	62.94315839	1          	0          	6323.537165	58018.79109375  

0 - 5 - 10     	94142.07156	0.214748364	17.73491360	341.1220765	159.8877211	62.94315839	1          	0          	6323.537165	58018.79109375  

0 - 6 - 7      	7688824.275	0.214748364	21.87606950	356.3907887	153.5055566	0.051852549	1          	0          	4791.944588	58018.79109375  

0 - 6 - 8      	84081.16288	0.214748364	17.11087642	337.5406998	161.2817176	80.04797611	1          	0          	6305.231154	58018.79109375  

0 - 6 - 9      	84081.16288	0.214748364	17.11087642	337.5406998	161.2817176	80.04797611	1          	0          	6305.231154	58018.79109375  

0 - 6 - 10     	84081.16288	0.214748364	17.11087642	337.5406998	161.2817176	80.04797611	1          	0          	6305.231154	58018.79109375  

0 - 7 - 8      	79956.48754	0.214748364	16.83797499	335.6482206	161.9302702	89.96208157	1          	0          	6282.493188	58018.79109375  

0 - 7 - 9      	79956.48754	0.214748364	16.83797499	335.6482206	161.9302702	89.96208157	1          	0          	6282.493188	58018.79109375  

0 - 7 - 10     	79956.48754	0.214748364	16.83797499	335.6482206	161.9302702	89.96208157	1          	0          	6282.493188	58018.79109375  

0 - 8 - 9      	71923.24015	0.214748364	38.62714449	198.6071793	295.8453165	106.3788097	1          	0          	887.3202643	58018.79109375  

0 - 8 - 10     	71923.24015	0.214748364	38.62714449	198.6071793	295.8453165	106.3788097	1          	0          	887.3202643	58018.79109375  

0 - 9 - 10     	69775.27892	0.214748364	41.85780129	197.4224505	297.1804473	116.7909133	1          	0          	1088.070820	58018.79109375  

1 - 2 - 3      	-6245.76313	0.214748364	20.84863456	150.0259074	281.8281108	-694.067074	1          	0          	4389.647003	58018.7916377314

1 - 2 - 4      	-63430.8348	0.214748364	20.16205556	38.72513524	152.7514232	155.9618423	1          	0          	33262.43640	58018.7916377314

1 - 2 - 5      	104588.8912	0.214748364	11.04472600	284.6488433	187.8770796	309.3111643	1          	0          	5698.404843	58018.7916377314

1 - 2 - 6      	-42323.5646	0.214748364	24.83456000	15.80620225	149.4310825	110.2466474	1          	0          	6378.443625	58018.7916377314

1 - 2 - 7      	71855.10573	0.214748364	12.64882116	303.4203358	176.8616875	242.5096806	1          	0          	5820.624035	58018.7916377314

1 - 2 - 8      	-42323.5646	0.214748364	24.83456000	15.80620225	149.4310825	110.2466474	1          	0          	6378.443625	58018.7916377314

1 - 2 - 9      	-42323.5646	0.214748364	24.83456000	15.80620225	149.4310825	110.2466474	1          	0          	6378.443625	58018.7916377314

1 - 2 - 10     	-42323.5646	0.214748364	24.83456000	15.80620225	149.4310825	110.2466474	1          	0          	6378.443625	58018.7916377314

1 - 3 - 4      	-2183.88755	0.214748364	45.06966956	63.35698838	137.7397171	3196.010058	1          	0          	5566.983137	58018.7916377314

1 - 3 - 5      	-1370581.89	0.214748364	21.03646628	358.9395886	154.0711438	0.810922188	1          	0          	6443.754541	58018.7916377314

1 - 3 - 6      	-1370581.89	0.214748364	21.03646628	358.9395886	154.0711438	0.810922188	1          	0          	6443.754541	58018.7916377314

1 - 3 - 7      	-1370581.89	0.214748364	21.03646628	358.9395886	154.0711438	0.810922188	1          	0          	6443.754541	58018.7916377314

1 - 3 - 8      	-1370581.89	0.214748364	21.03646628	358.9395886	154.0711438	0.810922188	1          	0          	6443.754541	58018.7916377314

1 - 3 - 9      	-1370581.89	0.214748364	21.03646628	358.9395886	154.0711438	0.810922188	1          	0          	6443.754541	58018.7916377314

1 - 3 - 10     	-1370581.89	0.214748364	21.03646628	358.9395886	154.0711438	0.810922188	1          	0          	6443.754541	58018.7916377314

1 - 4 - 5      	189895.6330	0.214748364	19.62812867	351.3929517	156.2853404	18.06357384	1          	0          	6373.417832	58018.7916377314

1 - 4 - 6      	189895.6330	0.214748364	19.62812867	351.3929517	156.2853404	18.06357384	1          	0          	6373.417832	58018.7916377314

1 - 4 - 7      	189895.6330	0.214748364	19.62812867	351.3929517	156.2853404	18.06357384	1          	0          	6373.417832	58018.7916377314

1 - 4 - 8      	189895.6330	0.214748364	19.62812867	351.3929517	156.2853404	18.06357384	1          	0          	6373.417832	58018.7916377314

1 - 4 - 9      	-416.819853	0.214748364	83.36638175	76.81080382	129.7245871	2330.906429	1          	0          	3881.520157	58018.7916377314

1 - 4 - 10     	189895.6330	0.214748364	19.62812867	351.3929517	156.2853404	18.06357384	1          	0          	6373.417832	58018.7916377314

1 - 5 - 6      	103489.5443	0.214748364	18.16031191	343.4413060	159.0057455	52.23173699	1          	0          	6330.196108	58018.7916377314

1 - 5 - 7      	103489.5443	0.214748364	18.16031191	343.4413060	159.0057455	52.23173699	1          	0          	6330.196108	58018.7916377314

1 - 5 - 8      	103489.5443	0.214748364	18.16031191	343.4413060	159.0057455	52.23173699	1          	0          	6330.196108	58018.7916377314

1 - 5 - 9      	103489.5443	0.214748364	18.16031191	343.4413060	159.0057455	52.23173699	1          	0          	6330.196108	58018.7916377314

1 - 5 - 10     	103489.5443	0.214748364	18.16031191	343.4413060	159.0057455	52.23173699	1          	0          	6330.196108	58018.7916377314

1 - 6 - 7      	-166207.397	0.214748364	19.37083420	25.98580850	154.1768430	40.72056959	1          	0          	30090.64452	58018.7916377314

1 - 6 - 8      	88172.27099	0.214748364	17.40383264	339.2127441	160.6160610	72.13085647	1          	0          	6310.588045	58018.7916377314

1 - 6 - 9      	88172.27099	0.214748364	17.40383264	339.2127441	160.6160610	72.13085647	1          	0          	6310.588045	58018.7916377314

1 - 6 - 10     	88172.27099	0.214748364	17.40383264	339.2127441	160.6160610	72.13085647	1          	0          	6310.588045	58018.7916377314

1 - 7 - 8      	82510.60202	0.214748364	17.07496482	337.0067758	161.3689362	83.53545342	1          	0          	6286.201543	58018.7916377314

1 - 7 - 9      	82510.60202	0.214748364	17.07496482	337.0067758	161.3689362	83.53545342	1          	0          	6286.201543	58018.7916377314

1 - 7 - 10     	82510.60202	0.214748364	17.07496482	337.0067758	161.3689362	83.53545342	1          	0          	6286.201543	58018.7916377314

1 - 8 - 9      	72991.81724	0.214748364	45.63327609	196.6642280	298.5498740	102.0464092	1          	0          	818.7289961	58018.7916377314

1 - 8 - 10     	72991.81724	0.214748364	45.63327609	196.6642280	298.5498740	102.0464092	1          	0          	818.7289961	58018.7916377314

1 - 9 - 10     	70378.56332	0.214748364	47.36327012	196.1401408	299.1120841	113.6448966	1          	0          	1044.158298	58018.7916377314

2 - 3 - 4      	-1360.94654	0.214748364	50.42251764	68.62084266	136.1062073	5185.892517	1          	0          	5277.946088	58018.7935243055

2 - 3 - 5      	-9669.94898	0.214748364	32.21932883	39.80601723	143.6053432	644.5929588	1          	0          	6216.634088	58018.7935243055

2 - 3 - 6      	-9669.94898	0.214748364	32.21932883	39.80601723	143.6053432	644.5929588	1          	0          	6216.634088	58018.7935243055

2 - 3 - 7      	-9669.94898	0.214748364	32.21932883	39.80601723	143.6053432	644.5929588	1          	0          	6216.634088	58018.7935243055

2 - 3 - 8      	-156.579944	0.214748364	70.53363361	80.04637849	131.5125405	45821.95786	1          	0          	4544.383632	58018.7935243055

2 - 3 - 9      	-9669.94898	0.214748364	32.21932883	39.80601723	143.6053432	644.5929588	1          	0          	6216.634088	58018.7935243055

2 - 3 - 10     	-9669.94898	0.214748364	32.21932883	39.80601723	143.6053432	644.5929588	1          	0          	6216.634088	58018.7935243055

2 - 4 - 5      	-42322.3858	0.214748364	25.04319770	16.03082116	149.2403904	110.2544030	1          	0          	6383.109984	58018.7935243055

2 - 4 - 6      	-42322.3858	0.214748364	25.04319770	16.03082116	149.2403904	110.2544030	1          	0          	6383.109984	58018.7935243055

2 - 4 - 7      	-42322.3858	0.214748364	25.04319770	16.03082116	149.2403904	110.2544030	1          	0          	6383.109984	58018.7935243055

2 - 4 - 8      	-42322.3858	0.214748364	25.04319770	16.03082116	149.2403904	110.2544030	1          	0          	6383.109984	58018.7935243055

2 - 4 - 9      	-42322.3858	0.214748364	25.04319770	16.03082116	149.2403904	110.2544030	1          	0          	6383.109984	58018.7935243055

2 - 4 - 10     	-42322.3858	0.214748364	25.04319770	16.03082116	149.2403904	110.2544030	1          	0          	6383.109984	58018.7935243055

2 - 5 - 6      	572675.9097	0.214748364	20.49800533	356.0721765	154.8948296	3.159678755	1          	0          	6387.623586	58018.7935243055

2 - 5 - 7      	572675.9097	0.214748364	20.49800533	356.0721765	154.8948296	3.159678755	1          	0          	6387.623586	58018.7935243055

2 - 5 - 8      	572675.9097	0.214748364	20.49800533	356.0721765	154.8948296	3.159678755	1          	0          	6387.623586	58018.7935243055

2 - 5 - 9      	572675.9097	0.214748364	20.49800533	356.0721765	154.8948296	3.159678755	1          	0          	6387.623586	58018.7935243055

2 - 5 - 10     	572675.9097	0.214748364	20.49800533	356.0721765	154.8948296	3.159678755	1          	0          	6387.623586	58018.7935243055

2 - 6 - 7      	-27551.6529	0.214748364	26.72533034	21.10155410	147.7523283	182.6402091	1          	0          	6023.725219	58018.7935243055

2 - 6 - 8      	-0.29369095	0.214748364	90.92675683	97.70998360	308.3051189	-8.79357867	1          	0          	4135.156290	58018.7935243055

2 - 6 - 9      	132600.6715	0.214748364	18.81015046	347.4969088	157.7555031	33.20991838	1          	0          	6363.054186	58018.7935243055

2 - 6 - 10     	132600.6715	0.214748364	18.81015046	347.4969088	157.7555031	33.20991838	1          	0          	6363.054186	58018.7935243055

2 - 7 - 8      	103235.1782	0.214748364	18.13420817	343.3816571	159.0710932	52.47809564	1          	0          	6328.602295	58018.7935243055

2 - 7 - 9      	103235.1782	0.214748364	18.13420817	343.3816571	159.0710932	52.47809564	1          	0          	6328.602295	58018.7935243055

2 - 7 - 10     	103235.1782	0.214748364	18.13420817	343.3816571	159.0710932	52.47809564	1          	0          	6328.602295	58018.7935243055

2 - 8 - 9      	-3624.64173	0.214748364	82.08764034	134.1630709	305.9506199	-198.170483	1          	0          	2402.528058	58018.7935243055

2 - 8 - 10     	79909.05744	0.214748364	80.82465751	194.0116321	306.5276434	81.92622501	1          	0          	911.9474137	58018.7935243055

2 - 9 - 10     	73834.32680	0.214748364	72.58188672	193.9273292	305.0561325	99.63146606	1          	0          	1127.545489	58018.7935243055

3 - 4 - 5      	-5159.08980	0.214748364	37.72393417	50.38563402	140.6935004	1286.386137	1          	0          	5789.756133	58018.7946006944

3 - 4 - 6      	-5159.08980	0.214748364	37.72393417	50.38563402	140.6935004	1286.386137	1          	0          	5789.756133	58018.7946006944

3 - 4 - 7      	-5159.08980	0.214748364	37.72393417	50.38563402	140.6935004	1286.386137	1          	0          	5789.756133	58018.7946006944

3 - 4 - 8      	-5159.08980	0.214748364	37.72393417	50.38563402	140.6935004	1286.386137	1          	0          	5789.756133	58018.7946006944

3 - 4 - 9      	-5159.08980	0.214748364	37.72393417	50.38563402	140.6935004	1286.386137	1          	0          	5789.756133	58018.7946006944

3 - 4 - 10     	-5159.08980	0.214748364	37.72393417	50.38563402	140.6935004	1286.386137	1          	0          	5789.756133	58018.7946006944

3 - 5 - 6      	-68114.6131	0.214748364	23.62409724	10.39147959	150.7721626	59.32479428	1          	0          	6318.811646	58018.7946006944

3 - 5 - 7      	-68114.6131	0.214748364	23.62409724	10.39147959	150.7721626	59.32479428	1          	0          	6318.811646	58018.7946006944

3 - 5 - 8      	-68114.6131	0.214748364	23.62409724	10.39147959	150.7721626	59.32479428	1          	0          	6318.811646	58018.7946006944

3 - 5 - 9      	NaN        	0.0        	NaN        	NaN        	NaN        	NaN        	1          	0          	NaN        	58018.7946006944

3 - 5 - 10     	-68114.6131	0.214748364	23.62409724	10.39147959	150.7721626	59.32479428	1          	0          	6318.811646	58018.7946006944

3 - 6 - 7      	-57699.2100	0.214748364	23.60079811	12.73556775	150.6871087	76.37258424	1          	0          	6757.122383	58018.7946006944

3 - 6 - 8      	541970.9171	0.214748364	20.32616030	355.6670867	155.1711942	3.438009968	1          	0          	6344.921851	58018.7946006944

3 - 6 - 9      	-0.18756735	0.214748364	89.92547620	97.70482120	308.1822209	-1.94397584	1          	0          	4107.346566	58018.7946006944

3 - 6 - 10     	541970.9171	0.214748364	20.32616030	355.6670867	155.1711942	3.438009968	1          	0          	6344.921851	58018.7946006944

3 - 7 - 8      	152712.5496	0.214748364	19.16275013	349.1996453	157.1191992	25.99862743	1          	0          	6316.627599	58018.7946006944

3 - 7 - 9      	-2191202.09	0.214748364	20.94630128	358.4774948	154.2262196	0.403421476	1          	0          	6368.814177	58018.7946006944

3 - 7 - 10     	152712.5496	0.214748364	19.16275013	349.1996453	157.1191992	25.99862743	1          	0          	6316.627599	58018.7946006944

3 - 8 - 9      	89425.47154	0.214748364	102.6096040	196.5136236	310.2710432	64.99028917	1          	0          	1543.295736	58018.7946006944

3 - 8 - 10     	-302.980984	0.214748364	89.69739652	101.1757078	308.0158554	-16889.5441	1          	0          	4320.976386	58018.7946006944

3 - 9 - 10     	-18.6205604	0.214748364	90.53827742	97.89972921	308.2121099	-448973.049	1          	0          	4261.291169	58018.7946006944

4 - 5 - 6      	-16355.2424	0.214748364	28.89279318	30.06752313	145.9010913	352.4390528	1          	0          	6219.463937	58018.7954108796

4 - 5 - 7      	67373.16178	0.214748364	15.04965459	323.9059546	167.0391771	146.6215937	1          	0          	5923.954548	58018.7954108796

4 - 5 - 8      	-16355.2424	0.214748364	28.89279318	30.06752313	145.9010913	352.4390528	1          	0          	6219.463937	58018.7954108796

4 - 5 - 9      	-16355.2424	0.214748364	28.89279318	30.06752313	145.9010913	352.4390528	1          	0          	6219.463937	58018.7954108796

4 - 5 - 10     	-16355.2424	0.214748364	28.89279318	30.06752313	145.9010913	352.4390528	1          	0          	6219.463937	58018.7954108796

4 - 6 - 7      	-4572.28837	0.214748364	36.56193788	53.60233652	141.0955592	1571.797733	1          	0          	6430.418515	58018.7954108796

4 - 6 - 8      	-120275.518	0.214748364	22.28524367	5.593745194	152.3985442	27.47778128	1          	0          	6387.039828	58018.7954108796

4 - 6 - 9      	-120275.518	0.214748364	22.28524367	5.593745194	152.3985442	27.47778128	1          	0          	6387.039828	58018.7954108796

4 - 6 - 10     	-120275.518	0.214748364	22.28524367	5.593745194	152.3985442	27.47778128	1          	0          	6387.039828	58018.7954108796

4 - 7 - 8      	542707.6710	0.214748364	20.35294115	355.7589638	155.1359719	3.431566297	1          	0          	6365.595299	58018.7954108796

4 - 7 - 9      	542707.6710	0.214748364	20.35294115	355.7589638	155.1359719	3.431566297	1          	0          	6365.595299	58018.7954108796

4 - 7 - 10     	542707.6710	0.214748364	20.35294115	355.7589638	155.1359719	3.431566297	1          	0          	6365.595299	58018.7954108796

4 - 8 - 9      	-0.36855575	0.214748364	90.95809757	97.69599757	308.2691982	-1.50957288	1          	0          	4166.383396	58018.7954108796

4 - 8 - 10     	-337.123719	0.214748364	85.47311184	77.50400740	129.1463943	4019.987868	1          	0          	3822.529804	58018.7954108796

4 - 9 - 10     	-40.2135314	0.214748364	90.22221967	98.16465480	308.1422236	-143862.314	1          	0          	4239.815433	58018.7954108796

5 - 6 - 7      	-906.038279	0.214748364	56.38710935	72.05898980	134.6338493	7561.755152	1          	0          	4878.484763	58018.7967534722

5 - 6 - 8      	-9912.55120	0.214748364	31.87406200	38.81825429	143.8652672	626.4539112	1          	0          	6081.999606	58018.7967534722

5 - 6 - 9      	-9912.55120	0.214748364	31.87406200	38.81825429	143.8652672	626.4539112	1          	0          	6081.999606	58018.7967534722

5 - 6 - 10     	-9912.55120	0.214748364	31.87406200	38.81825429	143.8652672	626.4539112	1          	0          	6081.999606	58018.7967534722

5 - 7 - 8      	-43193.0125	0.214748364	24.82178563	15.49866324	149.5027069	107.3804717	1          	0          	6327.002421	58018.7967534722

5 - 7 - 9      	-43193.0125	0.214748364	24.82178563	15.49866324	149.5027069	107.3804717	1          	0          	6327.002421	58018.7967534722

5 - 7 - 10     	-43193.0125	0.214748364	24.82178563	15.49866324	149.5027069	107.3804717	1          	0          	6327.002421	58018.7967534722

5 - 8 - 9      	287665.3635	0.214748364	129.8109023	219.1992611	316.2221637	9.470290306	1          	0          	8652.970254	58018.7967534722

5 - 8 - 10     	-53126.6712	0.214748364	117.9456589	149.1528843	313.3876496	287.3119096	1          	0          	7812.716665	58018.7967534722

5 - 9 - 10     	-111.050188	0.214748364	89.98437535	99.01966243	308.0842605	-34750.5322	1          	0          	4218.629375	58018.7967534722

6 - 7 - 8      	-5159.07234	0.214748364	37.95081957	50.49656149	140.6396589	1286.401767	1          	0          	5792.278019	58018.7978414351

6 - 7 - 9      	-5159.07234	0.214748364	37.95081957	50.49656149	140.6396589	1286.401767	1          	0          	5792.278019	58018.7978414351

6 - 7 - 10     	-5159.07234	0.214748364	37.95081957	50.49656149	140.6396589	1286.401767	1          	0          	5792.278019	58018.7978414351

6 - 8 - 9      	-91337.0453	0.214748364	137.3620273	256.2504382	318.7092467	44.61360195	1          	0          	23306.68139	58018.7978414351

6 - 8 - 10     	-4.88732243	0.214748364	102.1610855	97.68649695	310.1036125	-2651527.52	1          	0          	5161.154755	58018.7978414351

6 - 9 - 10     	-0.09439790	0.214748364	97.83770796	97.72614131	309.3313899	-6.03226092	1          	0          	4771.983138	58018.7978414351

7 - 8 - 9      	-0.43270824	0.214748364	88.65494221	82.21198575	128.3341734	1797151.423	1          	0          	4136.581153	58018.7986516203

7 - 8 - 10     	-10.7200203	0.214748364	102.9508645	97.62177599	310.3618566	-780563.153	1          	0          	5226.665019	58018.7986516203

7 - 9 - 10     	-14977.7903	0.214748364	85.20388308	26.26189649	130.4101088	17.01749563	1          	0          	1933.526455	58018.7986516203

8 - 9 - 10     	-9.86510464	0.214748364	88.84508842	97.83786270	307.9017945	-749355.730	1          	0          	4285.983458	58018.8002604166

0 - 1 - 2      	-1742.10254	0.0        	0.0        	0.0        	0.0        	NaN        	1          	1          	NaN        	58018.7916377314

0 - 1 - 3      	-12621.3260	0.0        	0.0        	0.0        	0.0        	NaN        	1          	1          	NaN        	58018.7916377314

0 - 1 - 4      	-4490.54989	0.0        	0.0        	0.0        	0.0        	NaN        	1          	1          	NaN        	58018.7916377314

0 - 1 - 5      	-9503.15536	0.0        	0.0        	0.0        	0.0        	NaN        	1          	1          	NaN        	58018.7916377314

0 - 1 - 6      	-42374.6746	0.0        	0.0        	0.0        	0.0        	NaN        	1          	1          	NaN        	58018.7916377314

0 - 1 - 7      	-29339.0702	0.0        	0.0        	0.0        	0.0        	NaN        	1          	1          	NaN        	58018.7916377314

0 - 1 - 8      	NaN        	0.0        	0.0        	0.0        	0.0        	NaN        	1          	1          	NaN        	58018.7916377314

0 - 1 - 9      	NaN        	0.0        	0.0        	0.0        	0.0        	NaN        	1          	1          	NaN        	58018.7916377314

0 - 1 - 10     	NaN        	0.0        	0.0        	0.0        	0.0        	NaN        	1          	1          	NaN        	58018.7916377314

0 - 2 - 3      	NaN        	0.0        	0.0        	0.0        	0.0        	NaN        	1          	1          	NaN        	58018.7935243055

0 - 2 - 4      	127631.2703	0.214748364	17.10799357	344.8990500	158.8038706	94.25766617	1          	1          	23183.70124	58018.7935243055

0 - 2 - 5      	86203.51614	0.214748364	15.24522366	323.8500853	164.5330174	171.5502675	1          	1          	12219.71040	58018.7935243055

0 - 2 - 6      	81866.91755	0.214748364	12.35381642	299.4064760	177.8206739	264.7564123	1          	1          	6756.096202	58018.7935243055

0 - 2 - 7      	53210.67885	0.214748364	12.89806419	306.9006176	178.6163339	200.0804372	1          	1          	3180.260829	58018.7935243055

0 - 2 - 8      	NaN        	0.0        	0.0        	0.0        	0.0        	NaN        	1          	1          	NaN        	58018.7935243055

0 - 2 - 9      	NaN        	0.0        	0.0        	0.0        	0.0        	NaN        	1          	1          	NaN        	58018.7935243055

0 - 2 - 10     	64102.97281	0.214748364	22.37178197	334.1271211	152.2442263	181.4684386	1          	1          	3.941147058	58018.7935243055

0 - 3 - 4      	NaN        	0.0        	0.0        	0.0        	0.0        	NaN        	1          	1          	NaN        	58018.7946006944

0 - 3 - 5      	-25069.7825	0.0        	0.0        	0.0        	0.0        	NaN        	1          	1          	NaN        	58018.7946006944

0 - 3 - 6      	NaN        	0.0        	0.0        	0.0        	0.0        	NaN        	1          	1          	NaN        	58018.7946006944

0 - 3 - 7      	355211.0742	0.214748364	20.56059633	354.1492744	155.0492123	6.176183869	1          	1          	5659.904884	58018.7946006944

0 - 3 - 8      	64111.50140	0.214748364	19.89981887	330.8072479	155.8263341	183.0236872	1          	1          	6.336519117	58018.7946006944

0 - 3 - 9      	NaN        	0.0        	0.0        	0.0        	0.0        	NaN        	1          	1          	NaN        	58018.7946006944

0 - 3 - 10     	64103.07128	0.214748364	19.89981889	330.8072170	155.8263341	181.4951208	1          	1          	0.004310440	58018.7946006944

0 - 4 - 5      	NaN        	0.0        	0.0        	0.0        	0.0        	NaN        	1          	1          	NaN        	58018.7954108796

0 - 4 - 6      	NaN        	0.0        	0.0        	0.0        	0.0        	NaN        	1          	1          	NaN        	58018.7954108796

0 - 4 - 7      	NaN        	0.0        	0.0        	0.0        	0.0        	NaN        	1          	1          	NaN        	58018.7954108796

0 - 4 - 8      	64107.78446	0.214748364	18.88012390	329.1436303	157.6071850	182.4692064	1          	1          	0.003451236	58018.7954108796

0 - 4 - 9      	64107.11096	0.214748364	18.88012393	329.1437352	157.6071851	182.3550638	1          	1          	8.798415165	58018.7954108796

0 - 4 - 10     	64103.17226	0.214748364	18.88012389	329.1436233	157.6071849	181.5218106	1          	1          	0.009731599	58018.7954108796

0 - 5 - 6      	NaN        	0.0        	0.0        	0.0        	0.0        	NaN        	1          	1          	NaN        	58018.7967534722

0 - 5 - 7      	NaN        	0.0        	0.0        	0.0        	0.0        	NaN        	1          	1          	NaN        	58018.7967534722

0 - 5 - 8      	64114.46489	0.214748364	17.73491360	327.0056645	159.8877211	183.4006849	1          	1          	0.013037709	58018.7967534722

0 - 5 - 9      	64117.50426	0.214748364	17.73491360	327.0057576	159.8877211	183.7491164	1          	1          	0.007357892	58018.7967534722

0 - 5 - 10     	64102.27498	0.214748364	17.73491360	327.0059379	159.8877211	181.2550193	1          	1          	0.023536545	58018.7967534722

0 - 6 - 7      	666126.6880	0.214748364	21.87606950	355.4767879	153.5055566	2.126718503	1          	1          	4799.718853	58018.7978414351

0 - 6 - 8      	64117.64048	0.214748364	17.11087642	325.6994651	161.2817176	176.2370051	1          	1          	0.025146852	58018.7978414351

0 - 6 - 9      	64312.96676	0.214748364	17.11087642	325.7010355	161.2817176	166.8297763	1          	1          	0.017062926	58018.7978414351

0 - 6 - 10     	64102.83079	0.214748364	17.11087642	325.6990241	161.2817176	178.5772781	1          	1          	0.038997416	58018.7978414351

0 - 7 - 8      	64625.16140	0.214748364	16.83797499	325.1004617	161.9302702	159.3751537	1          	1          	0.036472562	58018.7986516203

0 - 7 - 9      	64150.31501	0.214748364	16.83797499	325.0934952	161.9302702	186.3950098	1          	1          	0.026668579	58018.7986516203

0 - 7 - 10     	64223.45172	0.214748364	16.83797499	325.0981726	161.9302702	169.9700562	1          	1          	0.052780087	58018.7986516203

0 - 8 - 9      	NaN        	0.0        	0.0        	0.0        	0.0        	NaN        	1          	1          	NaN        	58018.8002604166

0 - 8 - 10     	NaN        	0.0        	0.0        	0.0        	0.0        	NaN        	1          	1          	NaN        	58018.8002604166

0 - 9 - 10     	NaN        	0.0        	0.0        	0.0        	0.0        	NaN        	1          	1          	NaN        	58018.8018807870

1 - 2 - 3      	NaN        	0.0        	0.0        	0.0        	0.0        	NaN        	1          	1          	NaN        	58018.7935243055

1 - 2 - 4      	-71439.4781	0.0        	0.0        	0.0        	0.0        	NaN        	1          	1          	NaN        	58018.7935243055

1 - 2 - 5      	104550.7779	0.214748364	11.04472600	284.6531853	187.8770796	309.4502560	1          	1          	5698.654504	58018.7935243055

1 - 2 - 6      	NaN        	0.0        	0.0        	0.0        	0.0        	NaN        	1          	1          	NaN        	58018.7935243055

1 - 2 - 7      	NaN        	0.0        	0.0        	0.0        	0.0        	NaN        	1          	1          	NaN        	58018.7935243055

1 - 2 - 8      	NaN        	0.0        	0.0        	0.0        	0.0        	NaN        	1          	1          	NaN        	58018.7935243055

1 - 2 - 9      	NaN        	0.0        	0.0        	0.0        	0.0        	NaN        	1          	1          	NaN        	58018.7935243055

1 - 2 - 10     	64203.99107	0.214748364	24.83456002	336.7058998	149.4310826	170.7940378	1          	1          	4.152521842	58018.7935243055

1 - 3 - 4      	NaN        	0.0        	0.0        	0.0        	0.0        	NaN        	1          	1          	NaN        	58018.7946006944

1 - 3 - 5      	NaN        	0.0        	0.0        	0.0        	0.0        	NaN        	1          	1          	NaN        	58018.7946006944

1 - 3 - 6      	NaN        	0.0        	0.0        	0.0        	0.0        	NaN        	1          	1          	NaN        	58018.7946006944

1 - 3 - 7      	NaN        	0.0        	0.0        	0.0        	0.0        	NaN        	1          	1          	NaN        	58018.7946006944

1 - 3 - 8      	64107.58469	0.214748364	21.03646626	332.4517431	154.0711437	182.4360797	1          	1          	6.576158176	58018.7946006944

1 - 3 - 9      	NaN        	0.0        	0.0        	0.0        	0.0        	NaN        	1          	1          	NaN        	58018.7946006944

1 - 3 - 10     	64100.72010	0.214748364	21.03646627	332.4517789	154.0711438	180.5557764	1          	1          	0.004376193	58018.7946006944

1 - 4 - 5      	NaN        	0.0        	0.0        	0.0        	0.0        	NaN        	1          	1          	NaN        	58018.7954108796

1 - 4 - 6      	NaN        	0.0        	0.0        	0.0        	0.0        	NaN        	1          	1          	NaN        	58018.7954108796

1 - 4 - 7      	NaN        	0.0        	0.0        	0.0        	0.0        	NaN        	1          	1          	NaN        	58018.7954108796

1 - 4 - 8      	64110.42339	0.214748364	19.62812868	330.3915352	156.2853404	182.8737701	1          	1          	0.003510610	58018.7954108796

1 - 4 - 9      	NaN        	0.0        	0.0        	0.0        	0.0        	NaN        	1          	1          	NaN        	58018.7954108796

1 - 4 - 10     	64100.80674	0.214748364	19.62812867	330.3916882	156.2853404	180.6145436	1          	1          	0.009791039	58018.7954108796

1 - 5 - 6      	NaN        	0.0        	0.0        	0.0        	0.0        	NaN        	1          	1          	NaN        	58018.7967534722

1 - 5 - 7      	NaN        	0.0        	0.0        	0.0        	0.0        	NaN        	1          	1          	NaN        	58018.7967534722

1 - 5 - 8      	64102.57480	0.214748364	18.16031191	327.8450557	159.0057455	181.3509269	1          	1          	0.013103396	58018.7967534722

1 - 5 - 9      	64122.83258	0.214748364	18.16031190	327.8447548	159.0057454	184.2916622	1          	1          	0.007437472	58018.7967534722

1 - 5 - 10     	64201.69067	0.214748364	18.16031191	327.8433229	159.0057455	189.1029304	1          	1          	0.023488233	58018.7967534722

1 - 6 - 7      	-721761.233	0.0        	0.0        	0.0        	0.0        	NaN        	1          	1          	NaN        	58018.7978414351

1 - 6 - 8      	64100.61382	0.214748364	17.40383264	326.3342222	160.6160609	180.4618333	1          	1          	0.025147199	58018.7978414351

1 - 6 - 9      	64106.60131	0.214748364	17.40383264	326.3339108	160.6160609	182.2632183	1          	1          	0.017136018	58018.7978414351

1 - 6 - 10     	92222.97359	0.214748364	17.40383264	326.2995332	160.6160610	299.7941881	1          	1          	0.038753477	58018.7978414351

1 - 7 - 8      	64242.16972	0.214748364	17.07496482	325.6290183	161.3689362	190.7638339	1          	1          	0.036378618	58018.7986516203

1 - 7 - 9      	64112.92165	0.214748364	17.07496482	325.6311540	161.3689362	183.2086142	1          	1          	0.026703237	58018.7986516203

1 - 7 - 10     	64119.45049	0.214748364	17.07496482	325.6331492	161.3689362	176.0463900	1          	1          	0.052324453	58018.7986516203

1 - 8 - 9      	NaN        	0.0        	0.0        	0.0        	0.0        	NaN        	1          	1          	NaN        	58018.8002604166

1 - 8 - 10     	NaN        	0.0        	0.0        	0.0        	0.0        	NaN        	1          	1          	NaN        	58018.8002604166

1 - 9 - 10     	NaN        	0.0        	0.0        	0.0        	0.0        	NaN        	1          	1          	NaN        	58018.8018807870

2 - 3 - 4      	NaN        	0.0        	0.0        	0.0        	0.0        	NaN        	1          	1          	NaN        	58018.7946006944

2 - 3 - 5      	NaN        	0.0        	0.0        	0.0        	0.0        	NaN        	1          	1          	NaN        	58018.7946006944

2 - 3 - 6      	NaN        	0.0        	0.0        	0.0        	0.0        	NaN        	1          	1          	NaN        	58018.7946006944

2 - 3 - 7      	NaN        	0.0        	0.0        	0.0        	0.0        	NaN        	1          	1          	NaN        	58018.7946006944

2 - 3 - 8      	71259.10841	0.214748364	70.53363361	349.9005866	131.5125405	114.3237589	1          	1          	0.007299730	58018.7946006944

2 - 3 - 9      	NaN        	0.0        	0.0        	0.0        	0.0        	NaN        	1          	1          	NaN        	58018.7946006944

2 - 3 - 10     	NaN        	0.0        	0.0        	0.0        	0.0        	NaN        	1          	1          	NaN        	58018.7946006944

2 - 4 - 5      	NaN        	0.0        	0.0        	0.0        	0.0        	NaN        	1          	1          	NaN        	58018.7954108796

2 - 4 - 6      	NaN        	0.0        	0.0        	0.0        	0.0        	NaN        	1          	1          	NaN        	58018.7954108796

2 - 4 - 7      	NaN        	0.0        	0.0        	0.0        	0.0        	NaN        	1          	1          	NaN        	58018.7954108796

2 - 4 - 8      	64119.32328	0.214748364	25.04319769	336.9162804	149.2403903	183.9429393	1          	1          	0.003746727	58018.7954108796

2 - 4 - 9      	64443.03294	0.214748364	25.04319770	336.9158559	149.2403904	196.6978628	1          	1          	0.001064618	58018.7954108796

2 - 4 - 10     	NaN        	0.0        	0.0        	0.0        	0.0        	NaN        	1          	1          	NaN        	58018.7954108796

2 - 5 - 6      	NaN        	0.0        	0.0        	0.0        	0.0        	NaN        	1          	1          	NaN        	58018.7967534722

2 - 5 - 7      	NaN        	0.0        	0.0        	0.0        	0.0        	NaN        	1          	1          	NaN        	58018.7967534722

2 - 5 - 8      	64595.00418	0.214748364	20.49800534	331.7223229	154.8948296	200.0299536	1          	1          	0.012506549	58018.7967534722

2 - 5 - 9      	64111.16921	0.214748364	20.49800533	331.7250916	154.8948296	182.9778744	1          	1          	0.007636342	58018.7967534722

2 - 5 - 10     	NaN        	0.0        	0.0        	0.0        	0.0        	NaN        	1          	1          	NaN        	58018.7967534722

2 - 6 - 7      	-29989.8318	0.0        	0.0        	0.0        	0.0        	NaN        	1          	1          	NaN        	58018.7978414351

2 - 6 - 8      	NaN        	0.0        	0.0        	0.0        	0.0        	NaN        	1          	1          	NaN        	58018.7978414351

2 - 6 - 9      	64118.35071	0.214748364	18.81015046	329.0541783	157.7555031	176.1600725	1          	1          	0.016932546	58018.7978414351

2 - 6 - 10     	NaN        	0.0        	0.0        	0.0        	0.0        	NaN        	1          	1          	NaN        	58018.7978414351

2 - 7 - 8      	64293.08095	0.214748364	18.13420817	327.8253826	159.0710932	167.4584526	1          	1          	0.032299006	58018.7986516203

2 - 7 - 9      	64322.58505	0.214748364	18.13420817	327.8252611	159.0710932	166.5366520	1          	1          	0.025902260	58018.7986516203

2 - 7 - 10     	NaN        	0.0        	0.0        	0.0        	0.0        	NaN        	1          	1          	NaN        	58018.7986516203

2 - 8 - 9      	NaN        	0.0        	0.0        	0.0        	0.0        	NaN        	1          	1          	NaN        	58018.8002604166

2 - 8 - 10     	NaN        	0.0        	0.0        	0.0        	0.0        	NaN        	1          	1          	NaN        	58018.8002604166

2 - 9 - 10     	NaN        	0.0        	0.0        	0.0        	0.0        	NaN        	1          	1          	NaN        	58018.8018807870

3 - 4 - 5      	NaN        	0.0        	0.0        	0.0        	0.0        	NaN        	1          	1          	NaN        	58018.7954108796

3 - 4 - 6      	NaN        	0.0        	0.0        	0.0        	0.0        	NaN        	1          	1          	NaN        	58018.7954108796

3 - 4 - 7      	NaN        	0.0        	0.0        	0.0        	0.0        	NaN        	1          	1          	NaN        	58018.7954108796

3 - 4 - 8      	NaN        	0.0        	0.0        	0.0        	0.0        	NaN        	1          	1          	NaN        	58018.7954108796

3 - 4 - 9      	NaN        	0.0        	0.0        	0.0        	0.0        	NaN        	1          	1          	NaN        	58018.7954108796

3 - 4 - 10     	NaN        	0.0        	0.0        	0.0        	0.0        	NaN        	1          	1          	NaN        	58018.7954108796

3 - 5 - 6      	NaN        	0.0        	0.0        	0.0        	0.0        	NaN        	1          	1          	NaN        	58018.7967534722

3 - 5 - 7      	NaN        	0.0        	0.0        	0.0        	0.0        	NaN        	1          	1          	NaN        	58018.7967534722

3 - 5 - 8      	NaN        	0.0        	0.0        	0.0        	0.0        	NaN        	1          	1          	NaN        	58018.7967534722

3 - 5 - 9      	NaN        	0.0        	0.0        	0.0        	0.0        	NaN        	1          	1          	NaN        	58018.7967534722

3 - 5 - 10     	NaN        	0.0        	0.0        	0.0        	0.0        	NaN        	1          	1          	NaN        	58018.7967534722

3 - 6 - 7      	-74782.7061	0.0        	0.0        	0.0        	0.0        	NaN        	1          	1          	NaN        	58018.7978414351

3 - 6 - 8      	NaN        	0.0        	0.0        	0.0        	0.0        	NaN        	1          	1          	NaN        	58018.7978414351

3 - 6 - 9      	NaN        	0.0        	0.0        	0.0        	0.0        	NaN        	1          	1          	NaN        	58018.7978414351

3 - 6 - 10     	NaN        	0.0        	0.0        	0.0        	0.0        	NaN        	1          	1          	NaN        	58018.7978414351

3 - 7 - 8      	NaN        	0.0        	0.0        	0.0        	0.0        	NaN        	1          	1          	NaN        	58018.7986516203

3 - 7 - 9      	120017.8246	0.214748364	20.94630128	332.3682688	154.2262196	323.0911476	1          	1          	0.011103553	58018.7986516203

3 - 7 - 10     	NaN        	0.0        	0.0        	0.0        	0.0        	NaN        	1          	1          	NaN        	58018.7986516203

3 - 8 - 9      	NaN        	0.0        	0.0        	0.0        	0.0        	NaN        	1          	1          	NaN        	58018.8002604166

3 - 8 - 10     	NaN        	0.0        	0.0        	0.0        	0.0        	NaN        	1          	1          	NaN        	58018.8002604166

3 - 9 - 10     	NaN        	0.0        	0.0        	0.0        	0.0        	NaN        	1          	1          	NaN        	58018.8018807870

4 - 5 - 6      	NaN        	0.0        	0.0        	0.0        	0.0        	NaN        	1          	1          	NaN        	58018.7967534722

4 - 5 - 7      	67290.09201	0.214748364	15.04965459	323.7957264	167.0391771	147.8275693	1          	1          	5924.854845	58018.7967534722

4 - 5 - 8      	NaN        	0.0        	0.0        	0.0        	0.0        	NaN        	1          	1          	NaN        	58018.7967534722

4 - 5 - 9      	NaN        	0.0        	0.0        	0.0        	0.0        	NaN        	1          	1          	NaN        	58018.7967534722

4 - 5 - 10     	NaN        	0.0        	0.0        	0.0        	0.0        	NaN        	1          	1          	NaN        	58018.7967534722

4 - 6 - 7      	-4799.04905	0.0        	0.0        	0.0        	0.0        	NaN        	1          	1          	NaN        	58018.7978414351

4 - 6 - 8      	NaN        	0.0        	0.0        	0.0        	0.0        	NaN        	1          	1          	NaN        	58018.7978414351

4 - 6 - 9      	NaN        	0.0        	0.0        	0.0        	0.0        	NaN        	1          	1          	NaN        	58018.7978414351

4 - 6 - 10     	NaN        	0.0        	0.0        	0.0        	0.0        	NaN        	1          	1          	NaN        	58018.7978414351

4 - 7 - 8      	NaN        	0.0        	0.0        	0.0        	0.0        	NaN        	1          	1          	NaN        	58018.7986516203

4 - 7 - 9      	NaN        	0.0        	0.0        	0.0        	0.0        	NaN        	1          	1          	NaN        	58018.7986516203

4 - 7 - 10     	NaN        	0.0        	0.0        	0.0        	0.0        	NaN        	1          	1          	NaN        	58018.7986516203

4 - 8 - 9      	NaN        	0.0        	0.0        	0.0        	0.0        	NaN        	1          	1          	NaN        	58018.8002604166

4 - 8 - 10     	NaN        	0.0        	0.0        	0.0        	0.0        	NaN        	1          	1          	NaN        	58018.8002604166

4 - 9 - 10     	NaN        	0.0        	0.0        	0.0        	0.0        	NaN        	1          	1          	NaN        	58018.8018807870

5 - 6 - 7      	-920.151752	0.0        	0.0        	0.0        	0.0        	NaN        	1          	1          	NaN        	58018.7978414351

5 - 6 - 8      	NaN        	0.0        	0.0        	0.0        	0.0        	NaN        	1          	1          	NaN        	58018.7978414351

5 - 6 - 9      	NaN        	0.0        	0.0        	0.0        	0.0        	NaN        	1          	1          	NaN        	58018.7978414351

5 - 6 - 10     	NaN        	0.0        	0.0        	0.0        	0.0        	NaN        	1          	1          	NaN        	58018.7978414351

5 - 7 - 8      	NaN        	0.0        	0.0        	0.0        	0.0        	NaN        	1          	1          	NaN        	58018.7986516203

5 - 7 - 9      	NaN        	0.0        	0.0        	0.0        	0.0        	NaN        	1          	1          	NaN        	58018.7986516203

5 - 7 - 10     	NaN        	0.0        	0.0        	0.0        	0.0        	NaN        	1          	1          	NaN        	58018.7986516203

5 - 8 - 9      	64103.88128	0.214748364	129.8109023	192.5703015	316.2221633	181.7029502	1          	1          	0.001849408	58018.8002604166

5 - 8 - 10     	-43365.4327	0.0        	0.0        	0.0        	0.0        	NaN        	1          	1          	NaN        	58018.8002604166

5 - 9 - 10     	NaN        	0.0        	0.0        	0.0        	0.0        	NaN        	1          	1          	NaN        	58018.8018807870

6 - 7 - 8      	NaN        	0.0        	0.0        	0.0        	0.0        	NaN        	1          	1          	NaN        	58018.7986516203

6 - 7 - 9      	NaN        	0.0        	0.0        	0.0        	0.0        	NaN        	1          	1          	NaN        	58018.7986516203

6 - 7 - 10     	NaN        	0.0        	0.0        	0.0        	0.0        	NaN        	1          	1          	NaN        	58018.7986516203

6 - 8 - 9      	64102.13449	0.214748364	137.3620273	194.2889270	318.7092469	181.2120390	1          	1          	0.001377421	58018.8002604166

6 - 8 - 10     	-54.8372564	0.0        	0.0        	0.0        	0.0        	NaN        	1          	1          	NaN        	58018.8002604166

6 - 9 - 10     	NaN        	0.0        	0.0        	0.0        	0.0        	NaN        	1          	1          	NaN        	58018.8018807870

7 - 8 - 9      	NaN        	0.0        	0.0        	0.0        	0.0        	NaN        	1          	1          	NaN        	58018.8002604166

7 - 8 - 10     	-748.303247	0.0        	0.0        	0.0        	0.0        	NaN        	1          	1          	NaN        	58018.8002604166

7 - 9 - 10     	NaN        	0.0        	0.0        	0.0        	0.0        	NaN        	1          	1          	NaN        	58018.8018807870

8 - 9 - 10     	NaN        	0.0        	0.0        	0.0        	0.0        	NaN        	1          	1          	NaN        	58018.8018807870
