designation1 KC2017 09 22.06590720 32 43.743+7 42.0 40,57        15.55     118
designation1 KC2017 09 22.06595420 32 44.909+7 42.0 33,33        15.91     118
designation1 KC2017 09 22.07023720 32 48.868+7 42.0 07,02        16.19     118
designation1 KC2017 09 22.07041020 32 51.192+7 41.0 51,47        16.08     118
designation1 KC2017 09 22.07052020 32 52.838+7 41.0 39,98        15.95     118
designation1 KC2017 09 22.07071620 32 55.672+7 41.0 21,36        16.35     118
designation1 KC2017 09 22.07085020 32 57.994+7 41.0 06,52        16.24     118
designation1 KC2017 09 22.07100020 32 59.674+7 40.0 54,67        15.82     118
designation1 KC2017 09 22.07121920 33 30.737+7 46.0 05,74        15.64     118
designation1 KC2017 09 22.07143920 33 29.412+7 47.0 12,75        16.14     118
designation1 KC2017 09 22.07161320 32 18.123+7 44.0 24,33        16.47     118
