-0.5407742096150424	174374.56967662077

20 32 43.743	7 42.0 40.57	15.55	58018.79109375	618.68	460.17
20 32 44.909	7 42.0 33.33	15.91	58018.79163773148	608.05	464.64
20 32 48.868	7 42.0 7.02	16.19	58018.793524305554	569.47	479.05
20 32 51.192	7 41.0 51.47	16.08	58018.79460069445	548.73	487.57
20 32 52.838	7 41.0 39.98	15.95	58018.79541087963	533.28	494.16
20 32 55.672	7 41.0 21.36	16.35	58018.79675347222	512.33	504.97
20 32 57.994	7 41.0 6.52	16.24	58018.79784143518	492.49	513.06
20 32 59.674	7 40.0 54.67	15.82	58018.79865162037	477.07	519.86
20 33 30.737	7 46.0 5.74	15.64	58018.80026041667	203.16	330.62
20 33 29.412	7 47.0 12.75	16.14	58018.80188078704	215.95	290.28
20 32 18.123	7 44.0 24.33	16.47	58018.80296875	851.19	397.18
