TPhe I        0 30 49   -46 23 02 14.820 +0.764 +0.338 +0.422 +0.395 +0.817
TPhe A        0 30 54   -46 26 21 14.651 +0.793 +0.380 +0.435 +0.405 +0.841
TPhe H        0 30 54   -46 22 17 14.942 +0.740 +0.225 +0.425 +0.425 +0.851
TPhe B        0 31 01   -46 22 51 12.334 +0.405 +0.156 +0.262 +0.271 +0.535
TPhe C        0 31 02   -46 27 14 14.376 -0.298 -1.217 -0.148 -0.211 -0.360
TPhe D        0 31 03   -46 26 12 13.118 +1.551 +1.871 +0.849 +0.810 +1.663
TPhe E        0 31 05   -46 19 28 11.631 +0.443 -0.103 +0.276 +0.283 +0.564
TPhe J        0 31 08   -46 18 47 13.434 +1.465 +1.229 +0.980 +1.063 +2.043
TPhe F        0 31 35   -46 28 16 12.475 +0.853 +0.534 +0.492 +0.437 +0.929
TPhe K        0 31 41   -46 18 18 12.935 +0.806 +0.402 +0.473 +0.429 +0.909
TPhe G        0 31 49   -46 17 44 10.447 +1.545 +1.910 +0.934 +1.086 +2.025
PG0029+024    0 32 30   + 2 42 51 15.268 +0.362 -0.184 +0.251 +0.337 +0.593
HD 2892       0 33 00   + 1 16 25  9.360 +1.322 +1.414 +0.692 +0.628 +1.321
BD -15 115    0 39 07   -14 54 48 10.885 -0.199 -0.838 -0.095 -0.110 -0.204
PG0039+049    0 42 54   + 5 14 28 12.877 -0.019 -0.871 +0.067 +0.097 +0.164
BD -11 162    0 53 02   -10 34 44 11.184 -0.082 -1.115 +0.051 +0.092 +0.145
92 309        0 54 02   + 0 51 04 13.842 +0.513 -0.024 +0.326 +0.325 +0.652
92 312        0 54 04   + 0 53 31 10.598 +1.636 +1.992 +0.898 +0.906 +1.806
92 322        0 54 35   + 0 52 37 12.676 +0.528 -0.002 +0.302 +0.305 +0.608
92 245        0 55 04   + 0 44 57 13.818 +1.418 +1.189 +0.929 +0.907 +1.836
92 248        0 55 19   + 0 45 19 15.346 +1.128 +1.289 +0.690 +0.553 +1.245
92 249        0 55 21   + 0 46 07 14.325 +0.699 +0.240 +0.399 +0.370 +0.770
92 250        0 55 25   + 0 43 59 13.178 +0.814 +0.480 +0.446 +0.394 +0.840
92 330        0 55 31   + 0 48 28 15.073 +0.568 -0.115 +0.331 +0.334 +0.666
92 252        0 55 35   + 0 44 26 14.932 +0.517 -0.140 +0.326 +0.332 +0.666
92 253        0 55 39   + 0 45 21 14.085 +1.131 +0.955 +0.719 +0.616 +1.337
92 335        0 55 46   + 0 49 02 12.523 +0.672 +0.208 +0.380 +0.338 +0.719
92 339        0 55 51   + 0 49 12 15.579 +0.449 -0.177 +0.306 +0.339 +0.645
92 342        0 55 58   + 0 48 14 11.615 +0.435 -0.037 +0.265 +0.271 +0.537
92 188        0 55 58   + 0 28 10 14.751 +1.050 +0.751 +0.679 +0.573 +1.254
92 409        0 55 59   + 1 00 57 10.627 +1.138 +1.136 +0.734 +0.625 +1.361
92 410        0 56 02   + 1 06 52 14.984 +0.398 -0.134 +0.239 +0.242 +0.484
92 412        0 56 03   + 1 06 56 15.036 +0.457 -0.152 +0.285 +0.304 +0.589
92 259        0 56 09   + 0 45 32 14.997 +0.642 +0.108 +0.370 +0.452 +0.821
92 345        0 56 11   + 0 56 08 15.216 +0.745 +0.121 +0.465 +0.476 +0.941
92 347        0 56 14   + 0 55 50 15.752 +0.543 -0.097 +0.339 +0.318 +0.658
92 348        0 56 17   + 0 49 34 12.109 +0.598 +0.056 +0.345 +0.341 +0.688
92 417        0 56 20   + 0 58 09 15.922 +0.477 -0.185 +0.351 +0.305 +0.657
92 260        0 56 21   + 0 43 24 15.071 +1.162 +1.115 +0.719 +0.608 +1.328
92 263        0 56 27   + 0 41 21 11.782 +1.046 +0.844 +0.562 +0.521 +1.083
92 497        0 56 42   + 1 16 43 13.642 +0.729 +0.257 +0.404 +0.378 +0.783
92 498        0 56 44   + 1 15 42 14.408 +1.010 +0.794 +0.648 +0.531 +1.181
92 500        0 56 46   + 1 15 26 15.841 +1.003 +0.211 +0.738 +0.599 +1.338
92 425        0 56 46   + 0 58 00 13.941 +1.191 +1.173 +0.755 +0.627 +1.384
92 426        0 56 47   + 0 57 56 14.466 +0.729 +0.184 +0.412 +0.396 +0.809
92 501        0 56 48   + 1 15 52 12.958 +0.610 +0.068 +0.345 +0.331 +0.677
92 355        0 56 53   + 0 55 48 14.965 +1.164 +1.201 +0.759 +0.645 +1.406
92 427        0 56 54   + 1 05 22 14.953 +0.809 +0.352 +0.462 +2.922 +3.275
92 502        0 56 56   + 1 09 26 11.812 +0.486 -0.095 +0.284 +0.292 +0.576
92 430        0 57 03   + 0 58 19 14.440 +0.567 -0.040 +0.338 +0.338 +0.676
92 276        0 57 14   + 0 46 51 12.036 +0.629 +0.067 +0.368 +0.357 +0.726
92 282        0 57 35   + 0 43 30 12.969 +0.318 -0.038 +0.201 +0.221 +0.422
92 507        0 57 39   + 1 11 01 11.332 +0.932 +0.688 +0.507 +0.461 +0.969
92 508        0 57 39   + 1 14 35 11.679 +0.529 -0.047 +0.318 +0.320 +0.639
92 364        0 57 40   + 0 48 53 11.673 +0.607 -0.037 +0.356 +0.357 +0.714
92 433        0 57 42   + 1 05 42 11.667 +0.655 +0.110 +0.367 +0.348 +0.716
92 288        0 58 05   + 0 41 50 11.631 +0.858 +0.472 +0.491 +0.441 +0.932
F 11          1 05 10   + 4 18 35 12.065 -0.239 -0.988 -0.118 -0.142 -0.259
F 11A         1 05 16   + 4 16 54 14.475 +0.841 +0.454 +0.479 +0.426 +0.907
F 11B         1 05 16   + 4 16 23 13.784 +0.747 +0.234 +0.437 +0.412 +0.849
F 16          1 55 21   - 6 41 27 12.405 -0.008 +0.013 -0.007 +0.002 -0.004
93 407        1 55 25   + 0 58 20 11.971 +0.852 +0.564 +0.487 +0.421 +0.908
93 317        1 55 26   + 0 47 33 11.546 +0.488 -0.053 +0.293 +0.299 +0.592
93 333        1 55 53   + 0 50 15 12.009 +0.833 +0.436 +0.469 +0.422 +0.892
93 424        1 56 14   + 1 01 14 11.619 +1.083 +0.929 +0.553 +0.501 +1.056
G3 33         2 01 02   +13 07 08 12.298 +1.802 +1.306 +1.355 +1.752 +3.103
PG0220+132B   2 24 24   +13 32 15 14.216 +0.937 +0.319 +0.562 +0.496 +1.058
PG0220+132    2 24 29   +13 31 46 14.760 -0.132 -0.922 -0.050 -0.120 -0.170
PG0220+132A   2 24 31   +13 31 41 15.771 +0.783 -0.339 +0.514 +0.481 +0.995
F 22          2 31 06   + 5 19 56 12.798 -0.052 -0.809 -0.103 -0.105 -0.206
PG0231+051E   2 34 18   + 5 23 51 13.809 +0.677 +0.207 +0.383 +0.369 +0.752
PG0231+051D   2 34 23   + 5 23 33 14.031 +1.077 +1.026 +0.671 +0.584 +1.252
PG0231+051A   2 34 29   + 5 21 43 12.768 +0.711 +0.271 +0.405 +0.388 +0.794
PG0231+051    2 34 30   + 5 22 47 16.096 -0.320 -1.214 -0.144 -0.373 -0.502
PG0231+051B   2 34 34   + 5 21 36 14.732 +1.437 +1.279 +0.951 +0.991 +1.933
PG0231+051C   2 34 37   + 5 24 29 13.707 +0.678 +0.078 +0.396 +0.385 +0.783
F 24          2 35 56   + 3 47 59 12.412 -0.203 -1.182 +0.087 +0.361 +0.444
F 24A         2 36 05   + 3 47 18 13.822 +0.525 +0.034 +0.314 +0.319 +0.635
F 24B         2 36 07   + 3 46 42 13.546 +0.668 +0.188 +0.382 +0.367 +0.749
F 24C         2 36 15   + 3 45 52 11.761 +1.133 +1.007 +0.598 +0.535 +1.127
94 171        2 54 27   + 0 21 04 12.659 +0.817 +0.304 +0.480 +0.483 +0.964
94 296        2 56 08   + 0 31 55 12.255 +0.750 +0.235 +0.415 +0.387 +0.803
94 394        2 57 02   + 0 38 54 12.273 +0.545 -0.047 +0.344 +0.330 +0.676
94 401        2 57 19   + 0 43 49 14.293 +0.638 +0.098 +0.389 +0.369 +0.759
94 242        2 58 09   + 0 22 21 11.725 +0.303 +0.110 +0.176 +0.184 +0.362
BD -2 524     2 58 27   - 1 56 07 10.304 -0.111 -0.621 -0.048 -0.060 -0.108
94 251        2 58 35   + 0 19 44 11.204 +1.219 +1.281 +0.659 +0.586 +1.245
94 702        2 59 01   + 1 14 35 11.597 +1.416 +1.617 +0.757 +0.675 +1.431
GD 50         3 49 38   - 0 55 47 14.063 -0.276 -1.191 -0.147 -0.180 -0.325
95 15         3 53 28   - 0 02 40 11.302 +0.712 +0.157 +0.424 +0.385 +0.809
95 16         3 53 28   - 0 02 23 14.313 +1.306 +1.322 +0.796 +0.676 +1.472
95 301        3 53 29   + 0 34 05 11.216 +1.293 +1.298 +0.692 +0.620 +1.311
95 302        3 53 30   + 0 34 00 11.694 +0.825 +0.447 +0.471 +0.420 +0.891
95 96         3 53 42   + 0 03 02 10.010 +0.147 +0.077 +0.079 +0.095 +0.174
95 97         3 53 45   + 0 02 24 14.818 +0.906 +0.380 +0.522 +0.546 +1.068
95 98         3 53 48   + 0 05 30 14.448 +1.181 +1.092 +0.723 +0.620 +1.342
95 100        3 53 48   + 0 02 59 15.633 +0.791 +0.051 +0.538 +0.421 +0.961
95 101        3 53 52   + 0 05 31 12.677 +0.778 +0.263 +0.436 +0.426 +0.863
95 102        3 53 55   + 0 03 53 15.622 +1.001 +0.162 +0.448 +0.618 +1.065
95 252        3 53 58   + 0 30 05 15.394 +1.452 +1.178 +0.816 +0.747 +1.566
95 190        3 54 01   + 0 19 05 12.627 +0.287 +0.236 +0.195 +0.220 +0.415
95 193        3 54 08   + 0 19 17 14.338 +1.211 +1.239 +0.748 +0.616 +1.366
95 105        3 54 09   + 0 02 24 13.574 +0.976 +0.627 +0.550 +0.536 +1.088
95 106        3 54 13   + 0 04 05 15.137 +1.251 +0.369 +0.394 +0.508 +0.903
95 107        3 54 13   + 0 05 03 16.275 +1.324 +1.115 +0.947 +0.962 +1.907
95 112        3 54 28   + 0 01 31 15.502 +0.662 +0.077 +0.605 +0.620 +1.227
95 41         3 54 29   + 0 00 09 14.060 +0.903 +0.297 +0.589 +0.585 +1.176
95 42         3 54 31   - 0 01 53 15.606 -0.215 -1.111 -0.119 -0.180 -0.300
95 317        3 54 32   + 0 32 32 13.449 +1.320 +1.120 +0.768 +0.708 +1.476
95 263        3 54 35   + 0 29 23 12.679 +1.500 +1.559 +0.801 +0.711 +1.513
95 115        3 54 35   + 0 01 55 14.680 +0.836 +0.096 +0.577 +0.579 +1.157
95 43         3 54 36   - 0 00 20 10.803 +0.510 -0.016 +0.308 +0.316 +0.624
95 271        3 55 04   + 0 21 34 13.669 +1.287 +0.916 +0.734 +0.717 +1.453
95 328        3 55 07   + 0 39 13 13.525 +1.532 +1.298 +0.908 +0.868 +1.776
95 329        3 55 12   + 0 39 48 14.617 +1.184 +1.093 +0.766 +0.642 +1.410
95 330        3 55 19   + 0 31 46 12.174 +1.999 +2.233 +1.166 +1.100 +2.268
95 275        3 55 32   + 0 30 01 13.479 +1.763 +1.740 +1.011 +0.931 +1.944
95 276        3 55 34   + 0 28 35 14.118 +1.225 +1.218 +0.748 +0.646 +1.395
95 60         3 55 37   - 0 04 23 13.429 +0.776 +0.197 +0.464 +0.449 +0.914
95 218        3 55 38   + 0 12 49 12.095 +0.708 +0.208 +0.397 +0.370 +0.767
95 132        3 55 39   + 0 08 02 12.067 +0.445 +0.311 +0.263 +0.287 +0.546
95 62         3 55 48   - 0 00 13 13.538 +1.355 +1.181 +0.742 +0.685 +1.428
95 137        3 55 51   + 0 06 06 14.440 +1.457 +1.136 +0.893 +0.845 +1.737
95 139        3 55 52   + 0 05 47 12.196 +0.923 +0.677 +0.562 +0.476 +1.039
95 66         3 55 54   - 0 06 51 12.892 +0.715 +0.167 +0.426 +0.438 +0.864
95 227        3 55 57   + 0 17 15 15.779 +0.771 +0.034 +0.515 +0.552 +1.067
95 142        3 55 57   + 0 04 01 12.927 +0.588 +0.097 +0.371 +0.375 +0.745
95 74         3 56 19   - 0 06 33 11.531 +1.126 +0.686 +0.600 +0.567 +1.165
95 231        3 56 27   + 0 13 23 14.216 +0.452 +0.297 +0.270 +0.290 +0.560
95 284        3 56 29   + 0 29 18 13.669 +1.398 +1.073 +0.818 +0.766 +1.586
95 285        3 56 32   + 0 27 50 15.561 +0.937 +0.703 +0.607 +0.602 +1.210
95 149        3 56 32   + 0 09 42 10.938 +1.593 +1.564 +0.874 +0.811 +1.685
95 236        3 57 01   + 0 11 27 11.487 +0.737 +0.168 +0.419 +0.412 +0.831
96 21         4 52 03   - 0 13 19 12.182 +0.490 -0.004 +0.299 +0.297 +0.598
96 36         4 52 30   - 0 08 39 10.589 +0.247 +0.118 +0.133 +0.137 +0.271
96 737        4 53 23   + 0 23 59 11.719 +1.338 +1.146 +0.735 +0.696 +1.432
96 409        4 53 46   + 0 10 33 13.778 +0.543 +0.042 +0.340 +0.340 +0.682
96 83         4 53 46   - 0 13 12 11.719 +0.181 +0.205 +0.092 +0.096 +0.189
96 235        4 54 07   - 0 03 33 11.138 +1.077 +0.890 +0.557 +0.509 +1.066
G97 42        5 28 51   + 9 39 09 12.443 +1.639 +1.259 +1.171 +1.485 +2.655
G102 22       5 43 04   +12 29 21 11.509 +1.621 +1.134 +1.211 +1.590 +2.800
GD 71C        5 53 06   +15 52 54 12.325 +1.159 +0.849 +0.655 +0.628 +1.274
GD 71E        5 53 14   +15 52 17 13.634 +0.824 +0.428 +0.472 +0.423 +0.892
GD 71B        5 53 15   +15 52 51 12.599 +0.680 +0.166 +0.404 +0.399 +0.800
GD 71D        5 53 18   +15 55 08 12.898 +0.570 +0.097 +0.359 +0.363 +0.719
GD 71         5 53 21   +15 53 20 13.033 -0.248 -1.110 -0.138 -0.166 -0.304
GD 71A        5 53 27   +15 52 09 12.643 +1.176 +0.897 +0.651 +0.621 +1.265
97 249        5 57 55   + 0 01 15 11.735 +0.647 +0.101 +0.369 +0.354 +0.725
97 345        5 58 21   + 0 21 19 11.605 +1.652 +1.706 +0.929 +0.843 +1.772
97 351        5 58 25   + 0 13 47  9.779 +0.201 +0.092 +0.124 +0.140 +0.264
97 75         5 58 43   - 0 09 26 11.483 +1.872 +2.100 +1.047 +0.952 +1.999
97 284        5 59 13   + 0 05 15 10.787 +1.364 +1.089 +0.774 +0.726 +1.500
97 224        5 59 32   - 0 05 09 14.085 +0.910 +0.341 +0.553 +0.547 +1.102
98 961        6 52 15   - 0 16 46 13.089 +1.283 +1.003 +0.701 +0.662 +1.362
98 966        6 52 16   - 0 17 35 14.001 +0.469 +0.357 +0.283 +0.331 +0.613
98 557        6 52 17   - 0 26 16 14.780 +1.397 +1.072 +0.755 +0.741 +1.494
98 556        6 52 17   - 0 26 01 14.137 +0.338 +0.126 +0.196 +0.243 +0.437
98 562        6 52 18   - 0 20 09 12.185 +0.522 -0.002 +0.305 +0.303 +0.607
98 563        6 52 19   - 0 27 35 14.162 +0.416 -0.190 +0.294 +0.317 +0.610
98 978        6 52 21   - 0 12 42 10.574 +0.609 +0.094 +0.348 +0.321 +0.669
98 L1         6 52 27   - 0 27 46 15.672 +1.243 +0.776 +0.730 +0.712 +1.445
98 580        6 52 27   - 0 27 52 14.728 +0.367 +0.303 +0.241 +0.305 +0.547
98 581        6 52 27   - 0 26 52 14.556 +0.238 +0.161 +0.118 +0.244 +0.361
98 L2         6 52 28   - 0 23 09 15.859 +1.340 +1.497 +0.754 +0.572 +1.327
98 L3         6 52 30   - 0 17 05 14.614 +1.936 +1.837 +1.091 +1.047 +2.142
98 L4         6 52 30   - 0 17 31 16.332 +1.344 +1.086 +0.936 +0.785 +1.726
98 590        6 52 31   - 0 23 29 14.642 +1.352 +0.853 +0.753 +0.747 +1.500
98 1002       6 52 31   - 0 17 02 14.568 +0.574 -0.027 +0.354 +0.379 +0.733
98 614        6 52 36   - 0 21 43 15.674 +1.063 +0.399 +0.834 +0.645 +1.480
98 618        6 52 37   - 0 22 26 12.723 +2.192 +2.144 +1.254 +1.151 +2.407
98 624        6 52 39   - 0 21 26 13.811 +0.791 +0.394 +0.417 +0.404 +0.822
98 626        6 52 40   - 0 21 54 14.758 +1.406 +1.067 +0.806 +0.816 +1.624
98 627        6 52 41   - 0 23 11 14.900 +0.689 +0.078 +0.428 +0.387 +0.817
98 634        6 52 43   - 0 22 06 14.608 +0.647 +0.123 +0.382 +0.372 +0.757
98 642        6 52 47   - 0 22 42 15.290 +0.571 +0.318 +0.302 +0.393 +0.697
98 185        6 52 49   - 0 28 32 10.537 +0.202 +0.114 +0.110 +0.122 +0.231
98 646        6 52 50   - 0 22 27 15.839 +1.060 +1.426 +0.583 +0.504 +1.090
98 193        6 52 51   - 0 28 29 10.026 +1.176 +1.152 +0.614 +0.536 +1.151
98 650        6 52 52   - 0 20 49 12.271 +0.157 +0.110 +0.080 +0.086 +0.166
98 652        6 52 52   - 0 23 06 14.817 +0.611 +0.126 +0.276 +0.339 +0.618
98 653        6 52 53   - 0 19 29  9.538 -0.003 -0.102 +0.010 +0.009 +0.017
98 666        6 52 57   - 0 24 43 12.732 +0.164 -0.004 +0.091 +0.108 +0.200
98 670        6 52 59   - 0 20 27 11.930 +1.357 +1.325 +0.727 +0.654 +1.381
98 671        6 52 59   - 0 19 37 13.385 +0.968 +0.719 +0.575 +0.494 +1.071
98 675        6 53 01   - 0 20 51 13.398 +1.909 +1.936 +1.082 +1.002 +2.085
98 676        6 53 01   - 0 20 31 13.068 +1.146 +0.666 +0.683 +0.673 +1.352
98 L5         6 53 03   - 0 20 55 17.800 +1.900 -0.100 +3.100 +2.600 +5.800
98 682        6 53 04   - 0 20 52 13.749 +0.632 +0.098 +0.366 +0.352 +0.717
98 685        6 53 06   - 0 21 30 11.954 +0.463 +0.096 +0.290 +0.280 +0.570
98 688        6 53 06   - 0 24 44 12.754 +0.293 +0.245 +0.158 +0.180 +0.337
98 1082       6 53 08   - 0 15 24 15.010 +0.835 -0.001 +0.485 +0.619 +1.102
98 1087       6 53 09   - 0 17 01 14.439 +1.595 +1.284 +0.928 +0.882 +1.812
98 1102       6 53 16   - 0 14 54 12.113 +0.314 +0.089 +0.193 +0.195 +0.388
98 1112       6 53 22   - 0 16 37 13.975 +0.814 +0.286 +0.443 +0.431 +0.874
98 1119       6 53 24   - 0 15 43 11.878 +0.551 +0.069 +0.312 +0.299 +0.611
98 724        6 53 25   - 0 20 32 11.118 +1.104 +0.904 +0.575 +0.527 +1.103
98 1122       6 53 25   - 0 18 15 14.090 +0.595 -0.297 +0.376 +0.442 +0.816
98 1124       6 53 26   - 0 17 45 13.707 +0.315 +0.258 +0.173 +0.201 +0.373
98 733        6 53 28   - 0 18 26 12.238 +1.285 +1.087 +0.698 +0.650 +1.347
Ru 149G       7 24 59   - 0 33 50 12.829 +0.541 +0.033 +0.322 +0.322 +0.645
Ru 149A       7 25 01   - 0 34 45 14.495 +0.298 +0.118 +0.196 +0.196 +0.391
Ru 149F       7 25 02   - 0 33 31 13.471 +1.115 +1.025 +0.594 +0.538 +1.132
Ru 149        7 25 02   - 0 34 56 13.866 -0.129 -0.779 -0.040 -0.068 -0.108
Ru 149D       7 25 03   - 0 34 40 11.480 -0.037 -0.287 +0.021 +0.008 +0.029
Ru 149C       7 25 05   - 0 34 18 14.425 +0.195 +0.141 +0.093 +0.127 +0.222
Ru 149B       7 25 05   - 0 34 59 12.642 +0.662 +0.151 +0.374 +0.354 +0.728
Ru 149E       7 25 06   - 0 33 11 13.718 +0.522 -0.007 +0.321 +0.314 +0.637
Ru 152F       7 30 41   - 2 06 51 14.564 +0.635 +0.069 +0.382 +0.315 +0.689
Ru 152E       7 30 41   - 2 07 30 12.362 +0.042 -0.086 +0.030 +0.034 +0.065
Ru 152        7 30 45   - 2 08 37 13.017 -0.187 -1.081 -0.059 -0.088 -0.147
Ru 152B       7 30 46   - 2 07 57 15.019 +0.500 +0.022 +0.290 +0.309 +0.600
Ru 152A       7 30 47   - 2 08 22 14.341 +0.543 -0.085 +0.325 +0.329 +0.654
Ru 152C       7 30 50   - 2 07 39 12.222 +0.573 -0.013 +0.342 +0.340 +0.683
Ru 152D       7 30 53   - 2 06 37 11.076 +0.875 +0.491 +0.473 +0.449 +0.921
99 6          7 54 21   - 0 52 06 11.055 +1.252 +1.289 +0.650 +0.577 +1.227
99 367        7 54 59   - 0 28 04 11.152 +1.005 +0.832 +0.531 +0.477 +1.007
99 408        7 56 01   - 0 28 03  9.807 +0.402 +0.038 +0.253 +0.247 +0.500
99 438        7 56 42   - 0 19 20  9.397 -0.156 -0.729 -0.060 -0.081 -0.142
99 447        7 56 54   - 0 23 14  9.419 -0.068 -0.220 -0.031 -0.041 -0.073
100 241       8 53 22   - 0 43 22 10.140 +0.157 +0.106 +0.078 +0.085 +0.162
100 162       8 54 02   - 0 47 04  9.150 +1.276 +1.495 +0.649 +0.552 +1.202
100 267       8 54 05   - 0 45 03 13.027 +0.485 -0.062 +0.307 +0.302 +0.608
100 269       8 54 06   - 0 44 43 12.350 +0.547 -0.040 +0.335 +0.331 +0.666
100 280       8 54 23   - 0 40 15 11.799 +0.493 -0.001 +0.295 +0.291 +0.588
100 394       8 54 42   - 0 35 56 11.384 +1.317 +1.457 +0.705 +0.636 +1.341
PG0918+029D   9 22 10   + 2 43 29 12.272 +1.044 +0.821 +0.575 +0.535 +1.108
PG0918+029    9 22 16   + 2 42 02 13.327 -0.271 -1.081 -0.129 -0.159 -0.288
PG0918+029B   9 22 21   + 2 43 59 13.963 +0.765 +0.366 +0.417 +0.370 +0.787
PG0918+029A   9 22 23   + 2 42 20 14.490 +0.536 -0.032 +0.325 +0.336 +0.661
PG0918+029C   9 22 31   + 2 42 37 13.537 +0.631 +0.087 +0.367 +0.357 +0.722
BD -12 2918   9 32 05   -13 33 26 10.067 +1.501 +1.166 +1.067 +1.318 +2.385
PG0942-029D   9 45 56   - 3 10 13 13.683 +0.576 +0.064 +0.341 +0.329 +0.668
PG0942-029A   9 45 57   - 3 14 33 14.738 +0.888 +0.552 +0.563 +0.474 +1.035
PG0942-029B   9 45 59   - 3 11 17 14.105 +0.573 +0.014 +0.353 +0.341 +0.693
PG0942-029    9 45 59   - 3 13 40 14.012 -0.298 -1.177 -0.132 -0.165 -0.296
PG0942-029C   9 46 01   - 3 10 59 14.950 +0.803 +0.338 +0.488 +0.395 +0.884
101 315       9 55 39   - 0 31 57 11.249 +1.153 +1.056 +0.612 +0.559 +1.172
101 316       9 55 40   - 0 23 00 11.552 +0.493 +0.032 +0.293 +0.291 +0.584
101 L1        9 56 17   - 0 26 09 16.501 +0.757 -0.104 +0.421 +0.527 +0.947
101 320       9 56 21   - 0 26 59 13.823 +1.052 +0.690 +0.581 +0.561 +1.141
101 L2        9 56 22   - 0 23 16 15.770 +0.602 +0.082 +0.321 +0.304 +0.625
101 404       9 56 28   - 0 22 48 13.459 +0.996 +0.697 +0.530 +0.500 +1.029
101 324       9 56 44   - 0 27 42  9.737 +1.161 +1.145 +0.591 +0.519 +1.109
101 408       9 56 56   - 0 17 08 14.785 +1.200 +1.347 +0.718 +0.603 +1.321
101 262       9 56 56   - 0 34 17 14.295 +0.784 +0.297 +0.440 +0.387 +0.827
101 326       9 56 56   - 0 31 38 14.923 +0.729 +0.227 +0.406 +0.375 +0.780
101 327       9 56 56   - 0 30 21 13.441 +1.155 +1.139 +0.717 +0.574 +1.290
101 410       9 56 57   - 0 18 29 13.646 +0.546 -0.063 +0.298 +0.326 +0.623
101 413       9 57 02   - 0 16 21 12.583 +0.983 +0.716 +0.529 +0.497 +1.025
101 268       9 57 05   - 0 36 23 14.380 +1.531 +1.381 +1.040 +1.200 +2.237
101 330       9 57 08   - 0 31 49 13.723 +0.577 -0.026 +0.346 +0.338 +0.684
101 415       9 57 11   - 0 21 20 15.259 +0.577 -0.008 +0.346 +0.350 +0.695
101 270       9 57 15   - 0 40 11 13.711 +0.554 +0.055 +0.332 +0.306 +0.637
101 278       9 57 42   - 0 34 05 15.494 +1.041 +0.737 +0.596 +0.548 +1.144
101 L3        9 57 43   - 0 34 53 15.953 +0.637 -0.033 +0.396 +0.395 +0.792
101 281       9 57 53   - 0 36 11 11.576 +0.812 +0.415 +0.453 +0.412 +0.864
101 L4        9 57 55   - 0 35 52 16.264 +0.793 +0.362 +0.578 +0.062 +0.644
101 L5        9 57 58   - 0 35 08 15.928 +0.622 +0.115 +0.414 +0.305 +0.720
101 421       9 58 04   - 0 21 46 13.180 +0.507 -0.031 +0.327 +0.296 +0.623
101 338       9 58 05   - 0 25 28 13.788 +0.634 +0.024 +0.350 +0.340 +0.691
101 339       9 58 06   - 0 29 29 14.449 +0.850 +0.501 +0.458 +0.398 +0.857
101 424       9 58 08   - 0 20 53 15.058 +0.764 +0.273 +0.429 +0.425 +0.855
101 427       9 58 14   - 0 21 45 14.964 +0.805 +0.321 +0.484 +0.369 +0.854
101 341       9 58 17   - 0 26 22 14.342 +0.575 +0.059 +0.332 +0.309 +0.641
101 342       9 58 19   - 0 26 18 15.556 +0.529 -0.065 +0.339 +0.419 +0.758
101 343       9 58 19   - 0 27 23 15.504 +0.606 +0.094 +0.396 +0.338 +0.734
101 429       9 58 19   - 0 22 42 13.496 +0.980 +0.782 +0.617 +0.526 +1.143
101 431       9 58 25   - 0 22 21 13.684 +1.246 +1.144 +0.808 +0.708 +1.517
101 L6        9 58 27   - 0 22 21 16.497 +0.711 +0.183 +0.445 +0.583 +1.024
101 207       9 58 40   - 0 52 04 12.421 +0.513 -0.080 +0.320 +0.323 +0.645
101 363       9 59 06   - 0 30 05  9.874 +0.260 +0.132 +0.146 +0.151 +0.297
GD 108A      10 01 26   - 7 37 55 13.881 +0.789 +0.316 +0.458 +0.449 +0.909
GD 108B      10 01 29   - 7 35 38 15.056 +0.839 +0.364 +0.463 +0.466 +0.924
GD 108       10 01 34   - 7 38 01 13.563 -0.214 -0.943 -0.099 -0.118 -0.218
GD 108C      10 01 42   - 7 35 00 13.819 +0.786 +0.345 +0.435 +0.393 +0.825
GD 108D      10 01 42   - 7 39 22 14.235 +0.641 +0.078 +0.372 +0.357 +0.731
BD +1 2447   10 29 43   + 0 45 30  9.650 +1.501 +1.238 +1.033 +1.225 +2.261
G162 66      10 34 28   -11 46 28 13.012 -0.165 -0.997 -0.126 -0.141 -0.266
G44 27       10 36 49   + 5 02 25 12.636 +1.586 +1.088 +1.185 +1.526 +2.714
PG1034+001   10 37 51   - 0 13 09 13.228 -0.365 -1.274 -0.155 -0.203 -0.359
G163 6       10 43 42   + 2 42 27 14.706 +1.550 +1.228 +1.090 +1.384 +2.478
PG1047+003   10 50 50   - 0 05 34 13.474 -0.290 -1.121 -0.132 -0.162 -0.295
PG1047+003A  10 50 53   - 0 06 08 13.512 +0.688 +0.168 +0.422 +0.418 +0.840
PG1047+003B  10 50 56   - 0 07 01 14.751 +0.679 +0.172 +0.391 +0.371 +0.764
PG1047+003C  10 51 01   - 0 05 29 12.453 +0.607 -0.019 +0.378 +0.358 +0.737
G44 40       10 51 40   + 6 43 20 11.675 +1.644 +1.213 +1.216 +1.568 +2.786
102 620      10 55 52   - 0 53 17 10.074 +1.080 +1.025 +0.645 +0.524 +1.169
G45 20       10 57 13   + 6 55 12 13.507 +2.034 +1.165 +1.823 +2.174 +4.000
102 1081     10 57 52   - 0 18 13  9.903 +0.664 +0.258 +0.366 +0.332 +0.697
G163 27      10 58 21   - 7 36 21 14.338 +0.288 -0.548 +0.206 +0.210 +0.417
G163 51E     11 08 10   - 5 21 17 14.466 +0.611 +0.095 +0.381 +0.344 +0.725
G163 51B     11 08 20   - 5 17 40 11.292 +0.623 +0.119 +0.355 +0.336 +0.692
G163 51C     11 08 21   - 5 19 23 12.672 +0.431 -0.009 +0.267 +0.272 +0.540
G163 51D     11 08 22   - 5 20 03 13.862 +0.844 +0.202 +0.478 +0.466 +0.945
G163 51A     11 08 24   - 5 17 26 12.504 +0.666 +0.060 +0.382 +0.371 +0.753
G163 50      11 08 47   - 5 14 36 13.057 +0.036 -0.696 -0.084 -0.072 -0.158
G163 51      11 08 54   - 5 18 57 12.559 +1.499 +1.195 +1.080 +1.355 +2.434
BD +5 2468   11 16 19   + 4 52 19  9.352 -0.114 -0.543 -0.035 -0.052 -0.089
HD 100340    11 33 38   + 5 11 28 10.115 -0.234 -0.975 -0.104 -0.135 -0.238
BD +5 2529   11 42 38   + 5 03 10  9.585 +1.233 +1.194 +0.783 +0.667 +1.452
G10 50       11 48 33   + 0 42 47 11.153 +1.752 +1.318 +1.294 +1.673 +2.969
103 302      11 56 54   - 0 53 05  9.859 +0.370 -0.057 +0.230 +0.236 +0.465
103 626      11 57 34   - 0 28 25 11.836 +0.413 -0.057 +0.262 +0.274 +0.535
103 526      11 57 42   - 0 35 24 10.890 +1.090 +0.936 +0.560 +0.501 +1.056
G12 43       12 34 03   + 8 56 12 12.467 +1.846 +1.085 +1.530 +1.944 +3.479
104 306      12 41 51   - 0 42 20  9.370 +1.592 +1.666 +0.832 +0.762 +1.591
104 423      12 42 24   - 0 36 17 15.602 +0.630 +0.050 +0.262 +0.559 +0.818
104 428      12 42 29   - 0 31 32 12.630 +0.985 +0.748 +0.534 +0.497 +1.032
104 L1       12 42 37   - 0 26 07 14.608 +0.630 +0.064 +0.374 +0.364 +0.739
104 430      12 42 38   - 0 30 58 13.858 +0.652 +0.131 +0.364 +0.363 +0.727
104 325      12 42 50   - 0 46 41 15.581 +0.694 +0.051 +0.345 +0.307 +0.652
104 330      12 42 59   - 0 45 47 15.296 +0.594 -0.028 +0.369 +0.371 +0.739
104 440      12 43 02   - 0 29 52 15.114 +0.440 -0.227 +0.289 +0.317 +0.605
104 237      12 43 05   - 0 56 24 15.395 +1.088 +0.918 +0.647 +0.628 +1.274
104 L2       12 43 07   - 0 39 29 16.048 +0.650 -0.172 +0.344 +0.323 +0.667
104 443      12 43 07   - 0 30 26 15.372 +1.331 +1.280 +0.817 +0.778 +1.595
104 444      12 43 08   - 0 37 34 13.477 +0.512 -0.070 +0.313 +0.331 +0.643
104 334      12 43 08   - 0 45 34 13.484 +0.518 -0.067 +0.323 +0.331 +0.653
104 335      12 43 09   - 0 38 14 11.665 +0.622 +0.145 +0.357 +0.334 +0.691
104 239      12 43 11   - 0 51 41 13.936 +1.356 +1.291 +0.868 +0.805 +1.675
104 336      12 43 12   - 0 45 03 14.404 +0.830 +0.495 +0.461 +0.403 +0.865
104 338      12 43 18   - 0 43 38 16.059 +0.591 -0.082 +0.348 +0.372 +0.719
104 339      12 43 21   - 0 46 45 15.459 +0.832 +0.709 +0.476 +0.374 +0.849
104 244      12 43 22   - 0 50 52 16.011 +0.590 -0.152 +0.338 +0.489 +0.825
104 455      12 43 40   - 0 29 23 15.105 +0.581 -0.024 +0.360 +0.357 +0.716
104 456      12 43 41   - 0 37 06 12.362 +0.622 +0.135 +0.357 +0.337 +0.694
104 457      12 43 42   - 0 33 54 16.048 +0.753 +0.522 +0.484 +0.490 +0.974
104 460      12 43 50   - 0 33 24 12.895 +1.281 +1.246 +0.813 +0.695 +1.511
104 461      12 43 54   - 0 37 23  9.705 +0.476 -0.035 +0.288 +0.289 +0.579
104 350      12 44 02   - 0 38 26 13.634 +0.673 +0.165 +0.383 +0.353 +0.736
104 470      12 44 10   - 0 34 58 14.310 +0.732 +0.101 +0.295 +0.356 +0.649
104 364      12 44 34   - 0 39 37 15.799 +0.601 -0.131 +0.314 +0.397 +0.712
104 366      12 44 41   - 0 39 49 12.908 +0.870 +0.424 +0.517 +0.464 +0.982
104 479      12 44 43   - 0 37 54 16.087 +1.271 +0.673 +0.657 +0.607 +1.264
104 367      12 44 46   - 0 38 39 15.844 +0.639 -0.126 +0.382 +0.296 +0.679
104 484      12 45 08   - 0 35 59 14.406 +1.024 +0.732 +0.514 +0.486 +1.000
104 485      12 45 12   - 0 35 21 15.017 +0.838 +0.493 +0.478 +0.488 +0.967
104 490      12 45 21   - 0 30 56 12.572 +0.535 +0.048 +0.318 +0.312 +0.630
104 598      12 46 04   - 0 21 46 11.478 +1.108 +1.051 +0.667 +0.545 +1.214
PG1323-086   13 26 28   - 8 54 08 13.481 -0.140 -0.681 -0.048 -0.078 -0.127
PG1323-086A  13 26 39   - 8 55 12 13.591 +0.393 -0.019 +0.252 +0.252 +0.506
PG1323-086C  13 26 39   - 8 53 28 14.003 +0.707 +0.245 +0.395 +0.363 +0.759
PG1323-086B  13 26 40   - 8 55 44 13.406 +0.761 +0.265 +0.426 +0.407 +0.833
PG1323-086D  13 26 54   - 8 55 25 12.080 +0.587 +0.005 +0.346 +0.335 +0.684
G14 55       13 29 09   - 2 26 32 11.336 +1.491 +1.157 +1.078 +1.388 +2.462
105 505      13 36 13   - 0 28 02 10.270 +1.422 +1.218 +0.910 +0.861 +1.771
105 437      13 38 04   - 0 42 39 12.535 +0.248 +0.067 +0.136 +0.143 +0.279
105 815      13 40 50   - 0 07 01 11.451 +0.381 -0.247 +0.267 +0.292 +0.559
BD +2 2711   13 43 06   + 1 25 39 10.369 -0.163 -0.699 -0.072 -0.095 -0.168
32376437     13 43 11   + 1 25 46 10.584 +0.499 +0.005 +0.304 +0.301 +0.606
HD 121968    13 59 39   - 2 59 22 10.256 -0.185 -0.915 -0.074 -0.100 -0.173
PG1407-013B  14 11 12   - 1 31 38 12.471 +0.970 +0.665 +0.537 +0.505 +1.037
PG1407-013   14 11 14   - 1 34 38 13.758 -0.259 -1.133 -0.119 -0.151 -0.272
PG1407-013C  14 11 16   - 1 29 25 12.462 +0.805 +0.298 +0.464 +0.448 +0.914
PG1407-013A  14 11 17   - 1 33 32 14.661 +1.151 +1.049 +0.617 +0.569 +1.178
PG1407-013D  14 11 22   - 1 31 35 14.872 +0.891 +0.420 +0.496 +0.472 +0.967
PG1407-013E  14 11 24   - 1 30 53 15.182 +0.883 +0.600 +0.496 +0.417 +0.915
106 1024     14 40 55   - 0 02 12 11.599 +0.332 +0.085 +0.196 +0.195 +0.390
106 700      14 41 39   - 0 27 34  9.786 +1.364 +1.580 +0.730 +0.643 +1.374
106 575      14 42 26   - 0 29 58  9.341 +1.306 +1.485 +0.676 +0.587 +1.268
106 485      14 45 02   - 0 41 00  9.477 +0.378 -0.052 +0.233 +0.236 +0.468
PG1514+034   15 18 01   + 3 07 06 13.997 -0.009 -0.955 +0.087 +0.126 +0.212
PG1525-071   15 29 01   - 7 19 43 15.046 -0.211 -1.177 -0.068 +0.012 -0.151
PG1525-071D  15 29 02   - 7 19 50 16.300 +0.393 +0.224 +0.405 +0.343 +0.756
PG1525-071A  15 29 03   - 7 19 12 13.506 +0.773 +0.282 +0.437 +0.421 +0.862
PG1525-071B  15 29 04   - 7 19 24 16.392 +0.729 +0.141 +0.450 +0.387 +0.906
PG1525-071C  15 29 06   - 7 17 41 13.519 +1.116 +1.073 +0.593 +0.509 +1.096
PG1528+062B  15 31 25   + 5 58 05 11.989 +0.593 +0.005 +0.364 +0.344 +0.711
PG1528+062A  15 31 35   + 5 58 16 15.553 +0.830 +0.356 +0.433 +0.389 +0.824
PG1528+062   15 31 36   + 5 57 48 14.767 -0.252 -1.091 -0.111 -0.182 -0.296
PG1528+062C  15 31 42   + 5 57 02 13.477 +0.644 +0.074 +0.357 +0.340 +0.699
PG1530+057A  15 33 56   + 5 30 38 13.711 +0.829 +0.414 +0.473 +0.412 +0.886
PG1530+057   15 33 57   + 5 29 22 14.211 +0.151 -0.789 +0.162 +0.036 +0.199
PG1530+057B  15 34 03   + 5 30 41 12.842 +0.745 +0.325 +0.423 +0.376 +0.799
107 544      15 37 36   - 0 18 08  9.036 +0.399 +0.156 +0.232 +0.227 +0.458
107 970      15 38 13   + 0 15 33 10.939 +1.596 +1.750 +1.142 +1.435 +2.574
107 568      15 38 40   - 0 20 18 13.054 +1.149 +0.862 +0.625 +0.595 +1.217
107 1006     15 39 21   + 0 11 19 11.713 +0.766 +0.278 +0.442 +0.420 +0.863
107 347      15 39 24   - 0 38 57  9.446 +1.294 +1.302 +0.712 +0.652 +1.365
107 720      15 39 25   - 0 05 24 13.121 +0.599 +0.088 +0.374 +0.355 +0.731
107 456      15 39 30   - 0 22 46 12.919 +0.921 +0.589 +0.537 +0.478 +1.015
107 351      15 39 34   - 0 35 05 12.342 +0.562 -0.005 +0.351 +0.358 +0.708
107 457      15 39 35   - 0 23 14 14.910 +0.792 +0.350 +0.494 +0.469 +0.964
107 458      15 39 38   - 0 27 25 11.676 +1.214 +1.189 +0.667 +0.602 +1.274
107 592      15 39 38   - 0 20 08 11.847 +1.318 +1.380 +0.709 +0.647 +1.357
107 459      15 39 39   - 0 25 33 12.284 +0.900 +0.427 +0.525 +0.517 +1.045
107 212      15 39 44   - 0 48 31 13.383 +0.683 +0.135 +0.404 +0.411 +0.818
107 215      15 39 46   - 0 46 06 16.046 +0.115 -0.082 -0.032 -0.475 -0.511
107 213      15 39 46   - 0 47 14 14.262 +0.802 +0.261 +0.531 +0.509 +1.038
107 357      15 39 53   - 0 42 11 14.418 +0.675 +0.025 +0.416 +0.421 +0.840
107 359      15 39 57   - 0 38 38 12.797 +0.580 -0.124 +0.379 +0.381 +0.759
107 599      15 39 57   - 0 17 28 14.675 +0.698 +0.243 +0.433 +0.438 +0.869
107 600      15 39 58   - 0 18 50 14.884 +0.503 +0.049 +0.339 +0.361 +0.700
107 601      15 40 02   - 0 16 27 14.646 +1.412 +1.265 +0.923 +0.835 +1.761
107 602      15 40 07   - 0 18 29 12.116 +0.991 +0.585 +0.545 +0.531 +1.074
107 611      15 40 23   - 0 15 34 14.329 +0.890 +0.455 +0.520 +0.447 +0.968
107 612      15 40 23   - 0 18 06 14.256 +0.896 +0.296 +0.551 +0.530 +1.081
107 614      15 40 29   - 0 16 09 13.926 +0.622 +0.033 +0.361 +0.370 +0.732
107 626      15 40 53   - 0 20 27 13.468 +1.000 +0.728 +0.600 +0.527 +1.126
107 627      15 40 55   - 0 20 20 13.349 +0.779 +0.226 +0.465 +0.454 +0.918
107 484      15 41 05   - 0 24 13 11.311 +1.240 +1.298 +0.664 +0.577 +1.240
107 636      15 41 28   - 0 17 50 14.873 +0.751 +0.121 +0.432 +0.465 +0.896
107 639      15 41 33   - 0 20 07 14.197 +0.640 -0.026 +0.399 +0.404 +0.803
107 640      15 41 37   - 0 19 44 15.050 +0.755 +0.092 +0.511 +0.506 +1.017
G153 41      16 18 48   -15 38 08 13.425 -0.210 -1.129 -0.133 -0.158 -0.289
G138 25      16 25 56   +15 38 31 13.513 +1.419 +1.265 +0.883 +0.796 +1.685
BD -12 4523  16 31 10   -12 42 02 10.072 +1.566 +1.195 +1.155 +1.499 +2.651
HD 149382    16 35 12   - 4 02 45  8.943 -0.282 -1.143 -0.127 -0.135 -0.262
PG1633+099   16 36 08   + 9 45 58 14.396 -0.191 -0.990 -0.085 -0.114 -0.208
108 1332     16 36 09   - 0 05 57  9.208 +0.380 +0.083 +0.225 +0.225 +0.449
PG1633+099A  16 36 10   + 9 46 01 15.259 +0.871 +0.305 +0.506 +0.506 +1.011
PG1633+099G  16 36 17   + 9 48 39 13.749 +0.693 +0.079 +0.412 +0.389 +0.804
PG1633+099B  16 36 18   + 9 44 29 12.968 +1.081 +1.017 +0.589 +0.503 +1.090
PG1633+099F  16 36 21   + 9 47 49 13.768 +0.878 +0.254 +0.523 +0.522 +1.035
PG1633+099C  16 36 22   + 9 44 24 13.224 +1.144 +1.146 +0.612 +0.524 +1.133
PG1633+099D  16 36 24   + 9 44 50 13.689 +0.535 -0.021 +0.324 +0.323 +0.649
PG1633+099E  16 36 29   + 9 47 33 13.113 +0.841 +0.337 +0.484 +0.471 +0.953
108 719      16 36 59   - 0 27 19 12.690 +1.031 +0.648 +0.553 +0.533 +1.087
108 1848     16 37 46   + 0 04 06 11.738 +0.559 +0.073 +0.331 +0.325 +0.657
108 475      16 37 48   - 0 36 29 11.307 +1.380 +1.463 +0.743 +0.664 +1.408
108 1863     16 38 00   + 0 00 41 12.244 +0.803 +0.378 +0.446 +0.398 +0.844
108 1491     16 38 02   - 0 04 31  9.059 +0.964 +0.616 +0.522 +0.498 +1.020
108 551      16 38 36   - 0 34 54 10.702 +0.180 +0.182 +0.100 +0.109 +0.209
108 1918     16 38 38   - 0 02 25 11.384 +1.432 +1.839 +0.773 +0.661 +1.434
108 981      16 40 04   - 0 26 54 12.071 +0.494 +0.237 +0.310 +0.312 +0.622
PG1647+056   16 51 04   + 5 31 23 14.773 -0.173 -1.064 -0.058 -0.022 -0.082
Wolf 629     16 56 15   - 8 21 01 11.759 +1.676 +1.256 +1.185 +1.525 +2.715
PG1657+078E  17 00 12   + 7 42 41 14.486 +0.787 +0.284 +0.436 +0.413 +0.851
PG1657+078D  17 00 13   + 7 41 39 16.156 +0.986 +0.599 +0.635 +0.592 +1.227
PG1657+078B  17 00 17   + 7 40 47 14.724 +0.697 +0.039 +0.417 +0.420 +0.838
PG1657+078   17 00 17   + 7 42 11 15.019 -0.142 -0.958 -0.079 -0.058 -0.128
PG1657+078A  17 00 18   + 7 40 59 14.032 +1.068 +0.735 +0.569 +0.538 +1.105
PG1657+078C  17 00 20   + 7 41 06 15.225 +0.837 +0.382 +0.504 +0.442 +0.965
BD -4 4226   17 06 02   - 5 07 10 10.071 +1.415 +1.085 +0.970 +1.141 +2.113
109 71       17 44 55   - 0 25 19 11.490 +0.326 +0.154 +0.187 +0.223 +0.409
109 381      17 45 00   - 0 20 54 11.731 +0.704 +0.222 +0.427 +0.435 +0.862
109 949      17 45 01   - 0 02 49 12.828 +0.806 +0.363 +0.500 +0.517 +1.020
109 956      17 45 02   - 0 02 28 14.639 +1.283 +0.858 +0.779 +0.743 +1.525
109 954      17 45 04   - 0 02 37 12.436 +1.296 +0.956 +0.764 +0.731 +1.496
109 199      17 45 50   - 0 29 48 10.990 +1.739 +1.967 +1.006 +0.900 +1.904
109 231      17 46 08   - 0 26 11  9.333 +1.465 +1.591 +0.787 +0.705 +1.494
109 537      17 46 30   - 0 21 54 10.353 +0.609 +0.226 +0.376 +0.393 +0.769
G21 15       18 27 59   + 4 04 20 13.889 +0.092 -0.598 -0.039 -0.030 -0.069
110 229      18 41 33   + 0 02 45 13.649 +1.910 +1.391 +1.198 +1.155 +2.356
110 230      18 41 39   + 0 03 19 14.281 +1.084 +0.728 +0.624 +0.596 +1.218
110 232      18 41 40   + 0 02 50 12.516 +0.729 +0.147 +0.439 +0.450 +0.889
110 233      18 41 40   + 0 01 47 12.771 +1.281 +0.812 +0.773 +0.818 +1.593
110 239      18 42 07   + 0 01 10 13.858 +0.899 +0.584 +0.541 +0.517 +1.060
110 339      18 42 14   + 0 09 22 13.607 +0.988 +0.776 +0.563 +0.468 +1.036
110 340      18 42 16   + 0 16 19 10.025 +0.308 +0.124 +0.171 +0.183 +0.354
110 477      18 42 31   + 0 27 40 13.988 +1.345 +0.715 +0.850 +0.857 +1.707
110 246      18 42 38   + 0 05 59 12.706 +0.586 -0.129 +0.381 +0.410 +0.790
110 346      18 42 43   + 0 10 55 14.757 +0.999 +0.752 +0.697 +0.646 +1.345
110 349      18 43 01   + 0 11 13 15.095 +1.088 +0.668 +0.503 -0.059 +0.477
110 355      18 43 07   + 0 09 22 11.944 +1.023 +0.504 +0.652 +0.727 +1.378
110 358      18 43 23   + 0 16 00 14.430 +1.039 +0.418 +0.603 +0.543 +1.150
110 360      18 43 28   + 0 10 09 14.618 +1.197 +0.539 +0.715 +0.717 +1.432
110 361      18 43 33   + 0 09 03 12.425 +0.632 +0.035 +0.361 +0.348 +0.709
110 362      18 43 36   + 0 07 26 15.693 +1.333 +3.919 +0.918 +0.885 +1.803
110 266      18 43 36   + 0 06 05 12.018 +0.889 +0.411 +0.538 +0.577 +1.111
110 L1       18 43 38   + 0 08 11 16.252 +1.752 +2.953 +1.066 +0.992 +2.058
110 364      18 43 40   + 0 08 53 13.615 +1.133 +1.095 +0.697 +0.585 +1.281
110 157      18 43 44   - 0 08 00 13.491 +2.123 +1.679 +1.257 +1.139 +2.395
110 365      18 43 45   + 0 08 21 13.470 +2.261 +1.895 +1.360 +1.270 +2.631
110 496      18 43 47   + 0 32 08 13.004 +1.040 +0.737 +0.607 +0.681 +1.287
110 273      18 43 47   + 0 03 22 14.686 +2.527 +1.000 +1.509 +1.345 +2.856
110 497      18 43 50   + 0 31 55 14.196 +1.052 +0.380 +0.606 +0.597 +1.203
110 280      18 43 55   - 0 02 43 12.996 +2.151 +2.133 +1.235 +1.148 +2.384
110 499      18 43 55   + 0 29 00 11.737 +0.987 +0.639 +0.600 +0.674 +1.273
110 502      18 43 58   + 0 28 41 12.330 +2.326 +2.326 +1.373 +1.250 +2.625
110 503      18 43 59   + 0 30 42 11.773 +0.671 +0.506 +0.373 +0.436 +0.808
110 504      18 43 59   + 0 31 02 14.022 +1.248 +1.323 +0.797 +0.683 +1.482
110 506      18 44 06   + 0 31 26 11.312 +0.568 +0.059 +0.335 +0.312 +0.652
110 507      18 44 07   + 0 30 25 12.440 +1.141 +0.830 +0.633 +0.579 +1.206
110 290      18 44 10   - 0 00 17 11.898 +0.708 +0.196 +0.418 +0.418 +0.836
110 441      18 44 21   + 0 20 40 11.122 +0.556 +0.108 +0.325 +0.335 +0.660
110 311      18 44 35   + 0 00 39 15.505 +1.796 +1.179 +1.010 +0.864 +1.874
110 312      18 44 37   + 0 01 05 16.093 +1.319 -0.788 +1.137 +1.154 +2.293
110 450      18 44 39   + 0 23 58 11.583 +0.946 +0.683 +0.549 +0.626 +1.175
110 315      18 44 40   + 0 01 49 13.637 +2.069 +2.256 +1.206 +1.133 +2.338
110 316      18 44 40   + 0 02 04 14.821 +1.731 +4.355 +0.858 +0.910 +1.769
110 319      18 44 43   + 0 03 00 11.861 +1.309 +1.076 +0.742 +0.700 +1.443
111 773      19 38 03   + 0 13 07  8.965 +0.209 -0.209 +0.121 +0.145 +0.265
111 775      19 38 04   + 0 14 14 10.748 +1.741 +2.017 +0.965 +0.897 +1.863
111 1925     19 38 16   + 0 27 11 12.387 +0.396 +0.264 +0.226 +0.256 +0.483
111 1965     19 38 29   + 0 29 00 11.419 +1.710 +1.865 +0.951 +0.877 +1.830
111 1969     19 38 31   + 0 27 58 10.382 +1.959 +2.306 +1.177 +1.222 +2.400
111 2039     19 38 52   + 0 34 22 12.395 +1.369 +1.237 +0.739 +0.689 +1.430
111 2088     19 39 09   + 0 33 10 13.193 +1.610 +1.678 +0.888 +0.818 +1.708
111 2093     19 39 11   + 0 33 35 12.538 +0.637 +0.283 +0.370 +0.397 +0.766
112 595      20 42 06   + 0 19 49 11.352 +1.601 +1.991 +0.898 +0.903 +1.801
112 704      20 42 50   + 0 22 30 11.452 +1.536 +1.742 +0.822 +0.746 +1.570
112 223      20 43 02   + 0 12 22 11.424 +0.454 +0.016 +0.273 +0.274 +0.547
112 250      20 43 14   + 0 11 05 12.095 +0.532 -0.025 +0.317 +0.323 +0.639
112 275      20 43 23   + 0 10 43  9.905 +1.210 +1.294 +0.648 +0.569 +1.217
112 805      20 43 34   + 0 19 31 12.086 +0.151 +0.158 +0.064 +0.075 +0.139
112 822      20 43 42   + 0 18 25 11.548 +1.030 +0.883 +0.558 +0.502 +1.060
Mark A4      20 44 44   -10 41 41 14.767 +0.795 +0.176 +0.471 +0.475 +0.952
Mark A2      20 44 46   -10 42 07 14.540 +0.666 +0.096 +0.379 +0.371 +0.751
Mark A1      20 44 49   -10 43 48 15.911 +0.609 -0.014 +0.367 +0.373 +0.740
Mark A       20 44 50   -10 44 17 13.256 -0.246 -1.159 -0.114 -0.124 -0.238
Mark A3      20 44 54   -10 42 14 14.818 +0.938 +0.651 +0.587 +0.510 +1.098
Wolf 918     21 10 09   -13 14 51 10.869 +1.493 +1.139 +0.978 +1.083 +2.064
G26 7A       21 31 57   - 9 42 28 13.047 +0.725 +0.279 +0.405 +0.371 +0.776
G26 7        21 32 10   - 9 43 20 12.006 +1.664 +1.231 +1.298 +1.669 +2.968
G26 7C       21 32 13   - 9 46 39 12.468 +0.624 +0.093 +0.354 +0.340 +0.695
G26 7B       21 32 16   - 9 43 16 13.454 +0.562 +0.027 +0.323 +0.327 +0.652
113 440      21 41 22   + 0 46 02 11.796 +0.637 +0.167 +0.363 +0.350 +0.715
113 221      21 41 24   + 0 25 18 12.071 +1.031 +0.874 +0.550 +0.490 +1.041
113 L1       21 41 35   + 0 32 51 15.530 +1.343 +1.180 +0.867 +0.723 +1.594
113 337      21 41 37   + 0 32 13 14.225 +0.519 -0.025 +0.351 +0.331 +0.682
113 339      21 41 43   + 0 32 14 12.250 +0.568 -0.034 +0.340 +0.347 +0.687
113 233      21 41 47   + 0 26 18 12.398 +0.549 +0.096 +0.338 +0.322 +0.661
113 342      21 41 47   + 0 31 52 10.878 +1.015 +0.696 +0.537 +0.513 +1.050
113 239      21 41 54   + 0 26 49 13.038 +0.516 +0.051 +0.318 +0.327 +0.647
113 241      21 41 57   + 0 30 03 14.352 +1.344 +1.452 +0.897 +0.797 +1.683
113 245      21 42 01   + 0 26 08 15.665 +0.628 +0.112 +0.396 +0.318 +0.716
113 459      21 42 02   + 0 47 20 12.125 +0.535 -0.018 +0.307 +0.313 +0.623
113 250      21 42 12   + 0 24 57 13.160 +0.505 -0.003 +0.309 +0.316 +0.626
113 466      21 42 15   + 0 44 32 10.003 +0.453 +0.003 +0.279 +0.283 +0.564
113 259      21 42 32   + 0 21 56 11.744 +1.199 +1.220 +0.621 +0.544 +1.167
113 260      21 42 36   + 0 28 09 12.406 +0.514 +0.069 +0.308 +0.298 +0.606
113 475      21 42 39   + 0 43 37 10.304 +1.058 +0.841 +0.568 +0.528 +1.097
113 263      21 42 40   + 0 29 54 15.481 +0.280 +0.074 +0.194 +0.207 +0.401
113 366      21 42 41   + 0 33 39 13.537 +1.096 +0.896 +0.623 +0.588 +1.211
113 265      21 42 41   + 0 22 20 14.934 +0.639 +0.101 +0.411 +0.395 +0.807
113 268      21 42 45   + 0 24 12 15.281 +0.589 -0.018 +0.379 +0.407 +0.786
113 34       21 42 46   + 0 05 23 15.173 +0.484 -0.054 +0.306 +0.346 +0.652
113 372      21 42 50   + 0 32 55 13.681 +0.670 +0.080 +0.395 +0.370 +0.766
113 149      21 42 53   + 0 13 42 13.469 +0.621 +0.043 +0.379 +0.386 +0.765
113 153      21 42 56   + 0 19 21 14.476 +0.745 +0.285 +0.462 +0.441 +0.902
113 272      21 43 08   + 0 25 15 13.904 +0.633 +0.067 +0.370 +0.340 +0.710
113 156      21 43 09   + 0 16 26 11.224 +0.526 -0.057 +0.303 +0.314 +0.618
113 158      21 43 09   + 0 18 26 13.116 +0.723 +0.247 +0.407 +0.374 +0.782
113 491      21 43 12   + 0 48 11 14.373 +0.764 +0.306 +0.434 +0.420 +0.854
113 492      21 43 15   + 0 42 38 12.174 +0.553 +0.005 +0.342 +0.341 +0.684
113 493      21 43 16   + 0 42 28 11.767 +0.786 +0.392 +0.430 +0.393 +0.824
113 495      21 43 17   + 0 42 25 12.437 +0.947 +0.530 +0.512 +0.497 +1.010
113 163      21 43 23   + 0 21 02 14.540 +0.658 +0.106 +0.380 +0.355 +0.735
113 165      21 43 26   + 0 19 50 15.639 +0.601 +0.003 +0.354 +0.392 +0.746
113 281      21 43 26   + 0 23 13 15.247 +0.529 -0.026 +0.347 +0.359 +0.706
113 167      21 43 29   + 0 20 25 14.841 +0.597 -0.034 +0.351 +0.376 +0.728
113 177      21 43 44   + 0 19 01 13.560 +0.789 +0.318 +0.456 +0.436 +0.890
113 182      21 43 56   + 0 19 07 14.370 +0.659 +0.065 +0.402 +0.422 +0.824
113 187      21 44 08   + 0 21 12 15.080 +1.063 +0.969 +0.638 +0.535 +1.174
113 189      21 44 15   + 0 21 38 15.421 +1.118 +0.958 +0.713 +0.605 +1.319
113 307      21 44 18   + 0 22 22 14.214 +1.128 +0.911 +0.630 +0.614 +1.245
113 191      21 44 21   + 0 20 12 12.337 +0.799 +0.223 +0.471 +0.466 +0.937
113 195      21 44 28   + 0 21 39 13.692 +0.730 +0.201 +0.418 +0.413 +0.832
G93 48D      21 52 57   + 2 25 49 13.664 +0.636 +0.120 +0.368 +0.362 +0.724
G93 48C      21 53 01   + 2 26 16 12.664 +1.320 +1.260 +0.852 +0.759 +1.610
G93 48A      21 53 05   + 2 27 38 12.856 +0.715 +0.278 +0.403 +0.365 +0.772
G93 48B      21 53 06   + 2 27 34 12.416 +0.719 +0.194 +0.405 +0.383 +0.791
G93 48       21 53 13   + 2 27 39 12.743 -0.011 -0.790 -0.096 -0.099 -0.195
PG2213-006F  22 17 01   - 0 13 16 12.644 +0.678 +0.171 +0.395 +0.384 +0.781
PG2213-006C  22 17 05   - 0 17 35 15.108 +0.726 +0.175 +0.425 +0.432 +0.853
PG2213-006E  22 17 09   - 0 13 00 13.776 +0.661 +0.087 +0.397 +0.373 +0.778
PG2213-006B  22 17 09   - 0 17 09 12.710 +0.753 +0.291 +0.427 +0.404 +0.831
PG2213-006D  22 17 10   - 0 13 02 13.987 +0.787 +0.128 +0.486 +0.479 +0.967
PG2213-006A  22 17 11   - 0 16 47 14.180 +0.665 +0.094 +0.407 +0.408 +0.817
PG2213-006   22 17 16   - 0 16 34 14.137 -0.214 -1.176 -0.072 -0.132 -0.211
G156 31      22 39 26   -15 12 32 12.361 +1.993 +1.408 +1.648 +2.042 +3.684
114 531      22 41 24   + 0 56 48 12.095 +0.733 +0.175 +0.421 +0.404 +0.824
114 637      22 41 30   + 1 08 03 12.070 +0.801 +0.307 +0.456 +0.415 +0.872
114 446      22 41 51   + 0 50 54 12.064 +0.737 +0.237 +0.397 +0.369 +0.769
114 654      22 42 14   + 1 15 03 11.833 +0.656 +0.178 +0.368 +0.341 +0.711
114 656      22 42 23   + 1 16 02 12.644 +0.965 +0.698 +0.547 +0.506 +1.051
114 548      22 42 24   + 1 03 59 11.599 +1.362 +1.568 +0.738 +0.651 +1.387
114 750      22 42 32   + 1 17 29 11.916 -0.037 -0.367 +0.027 -0.016 +0.010
114 755      22 42 55   + 1 21 41 10.909 +0.570 -0.063 +0.313 +0.310 +0.622
114 670      22 42 57   + 1 15 10 11.101 +1.206 +1.223 +0.645 +0.561 +1.208
114 176      22 43 58   + 0 26 09  9.239 +1.485 +1.853 +0.800 +0.717 +1.521
HD 216135    22 51 17   -13 13 48 10.111 -0.119 -0.618 -0.052 -0.065 -0.119
G156 57      22 54 07   -14 11 02 10.192 +1.557 +1.179 +1.179 +1.543 +2.730
GD 246A      23 13 04   +10 51 17 12.962 +0.463 -0.047 +0.288 +0.296 +0.584
GD 246       23 13 09   +10 52 08 13.090 -0.318 -1.194 -0.148 -0.181 -0.328
GD 246B      23 13 16   +10 52 15 14.368 +0.919 +0.693 +0.512 +0.431 +0.944
GD 246C      23 13 18   +10 54 18 13.637 +0.879 +0.540 +0.484 +0.448 +0.933
F 108        23 17 00   - 1 45 30 12.973 -0.237 -1.050 -0.106 -0.140 -0.245
PG2317+046   23 20 43   + 4 57 40 12.876 -0.246 -1.137 -0.074 -0.035 -0.118
PG2331+055   23 34 32   + 5 51 48 15.182 -0.066 -0.487 -0.012 -0.031 -0.044
PG2331+055A  23 34 37   + 5 52 01 13.051 +0.741 +0.257 +0.419 +0.401 +0.821
PG2331+055B  23 34 39   + 5 50 18 14.744 +0.819 +0.429 +0.481 +0.454 +0.935
PG2336+004B  23 39 26   + 0 47 56 12.429 +0.517 -0.048 +0.313 +0.317 +0.627
PG2336+004A  23 39 30   + 0 47 38 11.274 +0.686 +0.129 +0.394 +0.382 +0.769
PG2336+004   23 39 31   + 0 48 08 15.885 -0.160 -0.781 -0.056 -0.048 -0.109
115 554      23 42 18   + 1 31 35 11.812 +1.005 +0.548 +0.586 +0.538 +1.127
115 486      23 42 21   + 1 21 54 12.482 +0.493 -0.049 +0.298 +0.308 +0.607
115 412      23 42 49   + 1 14 11 12.209 +0.573 -0.040 +0.327 +0.335 +0.665
115 268      23 43 18   + 0 57 21 12.494 +0.634 +0.077 +0.366 +0.348 +0.714
115 420      23 43 24   + 1 11 08 11.160 +0.467 -0.019 +0.288 +0.293 +0.581
115 271      23 43 30   + 0 50 23  9.693 +0.612 +0.109 +0.354 +0.349 +0.702
115 516      23 45 03   + 1 19 22 10.431 +1.028 +0.760 +0.564 +0.534 +1.099
BD +1 4774   23 50 01   + 2 29 00  8.993 +1.434 +1.105 +0.964 +1.081 +2.047
PG2349+002   23 52 41   + 0 33 28 13.277 -0.191 -0.921 -0.103 -0.116 -0.219