OD-0-1-6 -10
1 60000U 00000A   09354.90057997  .00000000  00000-0  85845+5 0  0000
2 60000 010.2422 350.6990 7932257 269.0197 104.6588 01.21356524    01
OD-0-1-9 -10
1 60001U 00000A   09354.90057997  .00000000  00000-0  85845+5 0  0000
2 60001 010.2568 350.5975 7951155 268.8514 105.3747 01.22898714    01
OD-0-2-4 -10
1 60002U 00000A   09354.90057997  .00000000  00000-0  85845+5 0  0000
2 60002 010.2296 350.5139 7935556 269.3886 103.8320 01.20684136    01
OD-0-2-6 -10
1 60003U 00000A   09354.90057997  .00000000  00000-0  85845+5 0  0000
2 60003 010.2536 350.5286 7953576 268.9664 105.1308 01.22767976    01
OD-0-2-7 -10
1 60004U 00000A   09354.90057997  .00000000  00000-0  85845+5 0  0000
2 60004 010.2592 350.5313 7957838 268.8707 105.4285 01.23252573    01
OD-0-2-8 -10
1 60005U 00000A   09354.90057997  .00000000  00000-0  85845+5 0  0000
2 60005 010.2576 350.5154 7957758 268.9087 105.3378 01.23159578    01
OD-0-2-9 -10
1 60006U 00000A   09354.90057997  .00000000  00000-0  85845+5 0  0000
2 60006 010.2649 350.4989 7964669 268.8018 105.7073 01.23835434    01
OD-0-3-5 -10
1 60007U 00000A   09354.90057997  .00000000  00000-0  85845+5 0  0000
2 60007 010.2533 350.5115 7954669 268.9875 105.0913 01.22777870    01
OD-0-3-6 -10
1 60008U 00000A   09354.90057997  .00000000  00000-0  85845+5 0  0000
2 60008 010.2686 350.4089 7974089 268.8168 105.8220 01.24376440    01
OD-0-3-7 -10
1 60009U 00000A   09354.90057997  .00000000  00000-0  85845+5 0  0000
2 60009 010.2710 350.4572 7972620 268.7388 105.9791 01.24463764    01
OD-0-3-8 -10
1 60010U 00000A   09354.90057997  .00000000  00000-0  85845+5 0  0000
2 60010 010.2675 350.4463 7970612 268.8044 105.7914 01.24187623    01
OD-0-3-9 -10
1 60011U 00000A   09354.90057997  .00000000  00000-0  85845+5 0  0000
2 60011 010.2742 350.4445 7976081 268.6967 106.1371 01.24777281    01
OD-0-4-5 -10
1 60012U 00000A   09354.90057997  .00000000  00000-0  85845+5 0  0000
2 60012 010.2600 350.7589 7942540 268.6744 105.6247 01.22755808    01
OD-0-4-6 -10
1 60013U 00000A   09354.90057997  .00000000  00000-0  85845+5 0  0000
2 60013 010.2780 350.5543 7971551 268.5444 106.4141 01.24838037    01
OD-0-4-7 -10
1 60014U 00000A   09354.90057997  .00000000  00000-0  85845+5 0  0000
2 60014 010.2769 350.5512 7970876 268.5650 106.3545 01.24748951    01
OD-0-4-8 -10
1 60015U 00000A   09354.90057997  .00000000  00000-0  85845+5 0  0000
2 60015 010.2720 350.5247 7968811 268.6659 106.0836 01.24389748    01
OD-0-4-9 -10
1 60016U 00000A   09354.90057997  .00000000  00000-0  85845+5 0  0000
2 60016 010.2783 350.5027 7975374 268.5822 106.3908 01.24990784    01
OD-0-5-7 -10
1 60017U 00000A   09354.90057997  .00000000  00000-0  85845+5 0  0000
2 60017 010.2889 350.4098 7990466 268.4911 106.8530 01.26141814    01
OD-0-5-8 -10
1 60018U 00000A   09354.90057997  .00000000  00000-0  85845+5 0  0000
2 60018 010.2787 350.4009 7982850 268.6618 106.3255 01.25272659    01
OD-0-5-9 -10
1 60019U 00000A   09354.90057997  .00000000  00000-0  85845+5 0  0000
2 60019 010.2849 350.4165 7986736 268.5502 106.6518 01.25771750    01
OD-0-6-8 -10
1 60020U 00000A   09354.90057997  .00000000  00000-0  85845+5 0  0000
2 60020 010.2661 350.4959 7966018 268.7857 105.7592 01.23946266    01
OD-0-6-9 -10
1 60021U 00000A   09354.90057997  .00000000  00000-0  85845+5 0  0000
2 60021 010.2785 350.4741 7977578 268.6022 106.3806 01.25082972    01
OD-0-7-8 -10
1 60022U 00000A   09354.90057997  .00000000  00000-0  85845+5 0  0000
2 60022 010.3213 349.4894 8076324 268.7982 107.6668 01.31104822    01
OD-0-7-9 -10
1 60023U 00000A   09354.90057997  .00000000  00000-0  85845+5 0  0000
2 60023 010.2808 350.4234 7982963 268.6084 106.4548 01.25404836    01
OD-0-8-9 -10
1 60024U 00000A   09354.90057997  .00000000  00000-0  85845+5 0  0000
2 60024 010.2963 350.4482 7993899 268.3439 107.2474 01.26683950    01
OD-1-2-5 -10
1 60025U 00000A   09354.90162164  .00000000  00000-0  85845+5 0  0000
2 60025 010.2620 350.2686 7978594 269.0469 105.8114 01.24115257    01
OD-1-2-6 -10
1 60026U 00000A   09354.90162164  .00000000  00000-0  85845+5 0  0000
2 60026 010.2711 350.2383 7987939 268.9219 106.2698 01.24995036    01
OD-1-2-7 -10
1 60027U 00000A   09354.90162164  .00000000  00000-0  85845+5 0  0000
2 60027 009.5240 350.3033 7730453 289.6721 051.7079 00.53036590    01
OD-1-3-5 -10
1 60028U 00000A   09354.90162164  .00000000  00000-0  85845+5 0  0000
2 60028 010.2663 350.3387 7977258 268.9194 106.0835 01.24321266    01
OD-1-3-6 -10
1 60029U 00000A   09354.90162164  .00000000  00000-0  85845+5 0  0000
2 60029 009.4549 350.1685 7805329 292.7038 045.1780 00.46105170    01
OD-1-3-7 -10
1 60030U 00000A   09354.90162164  .00000000  00000-0  85845+5 0  0000
2 60030 010.2840 350.3290 7992122 268.6410 106.9943 01.25897395    01
OD-1-3-8 -10
1 60031U 00000A   09354.90162164  .00000000  00000-0  85845+5 0  0000
2 60031 010.2787 350.3263 7988088 268.7275 106.7215 01.25443886    01
OD-1-3-9 -10
1 60032U 00000A   09354.90162164  .00000000  00000-0  85845+5 0  0000
2 60032 010.2846 350.3459 7991503 268.6162 107.0414 01.25914600    01
OD-1-4-5 -10
1 60033U 00000A   09354.90162164  .00000000  00000-0  85845+5 0  0000
2 60033 010.2738 350.7412 7955222 268.4631 106.7809 01.23995772    01
OD-1-4-7 -10
1 60034U 00000A   09354.90162164  .00000000  00000-0  85845+5 0  0000
2 60034 010.2901 350.4966 7985597 268.4023 107.4388 01.26022770    01
OD-1-4-8 -10
1 60035U 00000A   09354.90162164  .00000000  00000-0  85845+5 0  0000
2 60035 010.2831 350.4688 7981875 268.5369 107.0602 01.25483297    01
OD-1-4-9 -10
1 60036U 00000A   09354.90162164  .00000000  00000-0  85845+5 0  0000
2 60036 010.2885 350.4539 7987313 268.4623 107.3284 01.25995460    01
OD-1-5-6 -10
1 60037U 00000A   09354.90162164  .00000000  00000-0  85845+5 0  0000
2 60037 010.3479 349.8879 8072501 268.0564 109.7837 01.32500673    01
OD-1-5-8 -10
1 60038U 00000A   09354.90162164  .00000000  00000-0  85845+5 0  0000
2 60038 010.2884 350.3247 7996091 268.5755 107.2095 01.26290496    01
OD-1-5-9 -10
1 60039U 00000A   09354.90162164  .00000000  00000-0  85845+5 0  0000
2 60039 010.2940 350.3571 7998396 268.4602 107.5178 01.26697789    01
OD-1-6-7 -10
1 60040U 00000A   09354.90162164  .00000000  00000-0  85845+5 0  0000
2 60040 010.2828 350.5148 7978349 268.5029 107.0837 01.25344460    01
OD-1-6-8 -10
1 60041U 00000A   09354.90162164  .00000000  00000-0  85845+5 0  0000
2 60041 010.2710 350.4543 7972984 268.7429 106.4333 01.24467420    01
OD-1-6-9 -10
1 60042U 00000A   09354.90162164  .00000000  00000-0  85845+5 0  0000
2 60042 010.2847 350.4375 7985293 268.5366 107.1228 01.25703551    01
OD-1-7-9 -10
1 60043U 00000A   09354.90162164  .00000000  00000-0  85845+5 0  0000
2 60043 010.2862 350.3843 7990143 268.5590 107.1513 01.25957364    01
OD-2-3-4 -10
1 60044U 00000A   09354.90226000  .00000000  00000-0  85845+5 0  0000
2 60044 010.3059 348.4050 8129081 270.0042 106.7362 01.32033306    01
OD-2-3-7 -10
1 60045U 00000A   09354.90226000  .00000000  00000-0  85845+5 0  0000
2 60045 010.2896 350.3317 7996514 268.5511 107.5661 01.26374850    01
OD-2-3-8 -10
1 60046U 00000A   09354.90226000  .00000000  00000-0  85845+5 0  0000
2 60046 009.1490 338.5143 9152863 312.6365 010.4602 00.13204293    01
OD-2-3-9 -10
1 60047U 00000A   09354.90226000  .00000000  00000-0  85845+5 0  0000
2 60047 010.2887 350.3490 7994665 268.5496 107.5372 01.26260524    01
OD-2-4-5 -10
1 60048U 00000A   09354.90226000  .00000000  00000-0  85845+5 0  0000
2 60048 010.2801 350.9200 7947694 268.2122 107.5302 01.24097781    01
OD-2-4-6 -10
1 60049U 00000A   09354.90226000  .00000000  00000-0  85845+5 0  0000
2 60049 010.3051 350.5860 7991815 268.0898 108.5623 01.27110680    01
OD-2-4-8 -10
1 60050U 00000A   09354.90226000  .00000000  00000-0  85845+5 0  0000
2 60050 010.2880 350.5312 7981591 268.4066 107.6459 01.25754388    01
OD-2-4-9 -10
1 60051U 00000A   09354.90226000  .00000000  00000-0  85845+5 0  0000
2 60051 010.2931 350.5027 7987750 268.3489 107.8872 01.26272360    01
OD-2-5-7 -10
1 60052U 00000A   09354.90226000  .00000000  00000-0  85845+5 0  0000
2 60052 010.3086 350.3334 8011961 268.2544 108.5197 01.28022535    01
OD-2-5-8 -10
1 60053U 00000A   09354.90226000  .00000000  00000-0  85845+5 0  0000
2 60053 010.2926 350.3257 7999514 268.5092 107.7096 01.26652764    01
OD-2-5-9 -10
1 60054U 00000A   09354.90226000  .00000000  00000-0  85845+5 0  0000
2 60054 010.2981 350.3619 8001456 268.3934 108.0130 01.27037039    01
OD-2-6-7 -10
1 60055U 00000A   09354.90226000  .00000000  00000-0  85845+5 0  0000
2 60055 010.2844 350.5558 7976905 268.4411 107.4916 01.25391714    01
OD-2-6-8 -10
1 60056U 00000A   09354.90226000  .00000000  00000-0  85845+5 0  0000
2 60056 010.2708 350.4821 7970873 268.7224 106.7332 01.24383692    01
OD-2-6-9 -10
1 60057U 00000A   09354.90226000  .00000000  00000-0  85845+5 0  0000
2 60057 010.2862 350.4583 7985070 268.4957 107.5025 01.25779559    01
OD-2-7-8 -10
1 60058U 00000A   09354.90226000  .00000000  00000-0  85845+5 0  0000
2 60058 010.2386 350.3097 7956585 269.3974 104.9213 01.21977175    01
OD-2-7-9 -10
1 60059U 00000A   09354.90226000  .00000000  00000-0  85845+5 0  0000
2 60059 010.2875 350.3914 7990760 268.5323 107.5121 01.26054136    01
OD-2-8-9 -10
1 60060U 00000A   09354.90226000  .00000000  00000-0  85845+5 0  0000
2 60060 010.3082 350.4321 8005029 268.1771 108.5733 01.27741916    01
OD-3-6-9 -10
1 60061U 00000A   09354.90329999  .00000000  00000-0  85845+5 0  0000
2 60061 010.2844 350.5110 7979945 268.4776 107.9323 01.25502399    01
OD-3-7-8 -10
1 60062U 00000A   09354.90329999  .00000000  00000-0  85845+5 0  0000
2 60062 010.2224 350.2997 7943965 269.6770 104.5255 01.20589859    01
OD-3-7-9 -10
1 60063U 00000A   09354.90329999  .00000000  00000-0  85845+5 0  0000
2 60063 010.2868 350.4020 7989481 268.5333 107.9611 01.25972556    01
OD-3-8-9 -10
1 60064U 00000A   09354.90329999  .00000000  00000-0  85845+5 0  0000
2 60064 010.3140 350.4554 8008351 268.0688 109.3544 01.28184771    01
OD-4-5-7 -10
1 60065U 00000A   09354.90374000  .00000000  00000-0  85845+5 0  0000
2 60065 010.3254 349.9907 8048317 268.3081 109.7123 01.30267331    01
OD-4-5-9 -10
1 60066U 00000A   09354.90374000  .00000000  00000-0  85845+5 0  0000
2 60066 010.3047 350.1525 8020992 268.4777 108.8243 01.28093997    01
OD-4-6-7 -10
1 60067U 00000A   09354.90374000  .00000000  00000-0  85845+5 0  0000
2 60067 010.2716 350.5315 7967928 268.6656 107.4896 01.24343621    01
OD-4-6-8 -10
1 60068U 00000A   09354.90374000  .00000000  00000-0  85845+5 0  0000
2 60068 010.2530 350.4237 7960128 269.0612 106.4309 01.22973229    01
OD-4-6-9 -10
1 60069U 00000A   09354.90374000  .00000000  00000-0  85845+5 0  0000
2 60069 010.2788 350.4047 7982566 268.6588 107.7534 01.25265654    01
OD-4-7-8 -10
1 60070U 00000A   09354.90374000  .00000000  00000-0  85845+5 0  0000
2 60070 010.2120 350.1408 7946485 269.9886 104.0307 01.20031917    01
OD-4-7-9 -10
1 60071U 00000A   09354.90374000  .00000000  00000-0  85845+5 0  0000
2 60071 010.2840 350.3206 7992668 268.6489 107.9449 01.25917054    01
OD-5-7-8 -10
1 60072U 00000A   09354.90477999  .00000000  00000-0  85845+5 0  0000
2 60072 010.1435 350.2979 7879870 271.0923 100.8264 01.13635157    01
