0 - 1 - 2      	54906.924256134	-1.219314254448	-8286445.969626	4.1184257880134	54906.924429745	-1.202577535413	-8207094.809403	4.0683749168965	54906.92485625 	-1.157826120960	-7993084.861495	3.9342004254515	54906.924429745	121080.72399087	5754.1363023461	-36234.47099944
0 - 1 - 3      	54906.924256134	-1.514364856993	-1.064228953853	5.0301806007374	54906.924429745	-1.512577564040	-1.069562164159	5.0267812135188	54906.925029861	-1.504037144155	-1.087655776948	5.0076915752585	54906.924429745	13905.543665947	-3819.453895973	-2771.838697818
0 - 1 - 4      	54906.924256134	-1.313387207426	-9037575.299202	4.4091266606249	54906.924429745	-1.315209815306	-9111251.018446	4.4165925823308	54906.925456944	-1.324024533604	-9567567.740599	4.4549039769899	54906.924429745	-13220.57535799	-5545.253042633	5459.8371870432
0 - 1 - 5      	54906.924256134	-1.226728519994	-8345645.475247	4.1413370860610	54906.924429745	-1.226210773943	-8396810.753868	4.1414402153668	54906.925630555	-1.219677886344	-8757257.875486	4.1330899798462	54906.924429745	4244.9757762725	-3730.314908770	-72.73154204333
0 - 1 - 6      	54906.924256134	-2.118268987081	-1.546418669393	6.8963435310385	54906.924429745	-2.128172292013	-1.563731150241	6.9299741456942	54906.926057060	-2.221087712788	-1.738741109265	7.2472383332018	54906.924429745	-94736.13956770	-16676.77534358	32187.332722191
0 - 1 - 7      	54906.924256134	-1.045270516091	-6896786.642774	3.5806020564107	54906.924429745	-1.049498499757	-6978252.059409	3.5951107294597	54906.926230671	-1.095842796204	-7905740.484511	3.7541614853547	54906.924429745	-32022.31239305	-6194.092687947	10988.834023373
0 - 1 - 8      	54906.924256134	-1.205946009525	-8179706.672847	4.0771157159742	54906.924429745	-1.211941122671	-8282261.054518	4.0973236916014	0.0            	-1.395817575178	4054053.9340422	4767981.8012633	54906.924429745	-0.022879683752	-0.002618962343	0.0077248220628
0 - 1 - 9      	54906.924256134	-1.205946009525	-8179706.672847	4.0771157159742	54906.924429745	-1.211941122671	-8282261.054518	4.0973236916014	0.0            	-1.395817575178	4054053.9340422	4767981.8012633	54906.924429745	-0.022879683752	-0.002618962343	0.0077248220628
0 - 2 - 3      	54906.924256134	-1.647441026395	-1.315404556979	5.0908668066569	54906.92485625 	-2.109201452494	-1.718557453239	6.5289491380635	54906.925029861	-1.384567620048	-1.133626720031	4.2876542198591	54906.92485625 	NaN            	NaN            	NaN            
0 - 2 - 4      	54906.924256134	-1.491427698004	-1.190822035699	4.6087915516690	54906.92485625 	-1.503230309206	-1.224804499170	4.6532221089941	54906.925456944	-1.639252383313	-1.361716964146	5.0827285600191	54906.92485625 	NaN            	NaN            	NaN            
0 - 2 - 5      	54906.924256134	-6.780180807078	-3964444.596794	2.4457317237894	54906.92485625 	-6.843081669419	-4134901.993216	2.4684452336588	54906.925630555	-6.921244611893	-4351078.801463	2.4966706671766	54906.92485625 	-11672.56939825	-3231.902278578	4215.0900013431
0 - 2 - 6      	54906.924256134	-4.169532740837	-1879962.001434	1.6389986013367	54906.92485625 	-4.191701493654	-1974580.617987	1.6477214944592	54906.926057060	-4.234659580643	-2162809.493843	1.6646250067868	54906.92485625 	-4123.821621042	-1813.799142559	1622.6832757728
0 - 2 - 7      	54906.924256134	-1.051068805827	-6943083.325442	3.5985197238282	54906.92485625 	-1.056361385121	-7166359.070945	3.6201205429827	54906.926230671	-1.067495975165	-7664480.701799	3.6660893773724	54906.92485625 	1117.0004555004	-3492.906897502	276.83064147637
0 - 2 - 8      	54906.924256134	-1.205946009525	-8179706.674645	4.0771157159566	54906.92485625 	-1.211713204882	-8432152.109517	4.1010056592351	0.0            	-1.728564154252	4054053.9345443	4767981.8012633	54906.92485625 	-0.021903161044	-0.002632318877	0.0076411919293
0 - 2 - 9      	54906.924256134	-1.205946009525	-8179706.674645	4.0771157159566	54906.92485625 	-1.211713204882	-8432152.109517	4.1010056592351	0.0            	-1.728564154252	4054053.9345443	4767981.8012633	54906.92485625 	-0.021903161044	-0.002632318877	0.0076411919293
0 - 3 - 4      	54906.924256134	-3.746735699876	-2.977104215480	1.1613083023295	54906.925029861	-3.276971527078	-2.668702502545	1.0182876421696	54906.925456944	-3.011401536935	-2.487494201710	9.3716104709695	54906.925029861	-169484.9475126	-11617.91541418	51795.677174668
0 - 3 - 5      	54906.924256134	-2.298571508338	-386085.3747268	1.0608408570619	54906.925029861	-2.271962970197	-422180.2311612	1.0536720938277	54906.925630555	-2.251016049353	-450457.1028102	1.0480112803122	54906.925029861	NaN            	NaN            	NaN            
0 - 3 - 6      	54906.924256134	-7.165319196590	-4271959.914214	2.5647458105879	54906.925029861	-7.053320326452	-4337007.601142	2.5343249235570	54906.926057060	-6.901711201158	-4421616.067424	2.4928925708508	54906.925029861	-2604.684522828	-2165.165528088	2406.3711853667
0 - 3 - 7      	54906.924256134	-2.884766399300	-854135.0760633	1.2419847043949	54906.925029861	-2.862548009869	-905732.9768229	1.2365597855501	54906.926230671	-2.827731925996	-985705.3576468	1.2279962474495	54906.925029861	3336.1493166650	-771.4649149954	-816.9082380101
0 - 3 - 8      	54906.924256134	-1.205946009525	-8179706.674270	4.0771157159603	54906.925029861	-1.211637280875	-8482478.218900	4.1022108660661	0.0            	-1.753991315135	4054053.9344726	4767981.8012633	54906.925029861	-0.021847452948	-0.002642894899	0.0076435606474
0 - 3 - 9      	54906.924256134	-1.205946009525	-8179706.674270	4.0771157159603	54906.925029861	-1.211637280875	-8482478.218900	4.1022108660661	0.0            	-1.753991315135	4054053.9344726	4767981.8012633	54906.925029861	-0.021847452948	-0.002642894899	0.0076435606474
0 - 4 - 5      	54906.924256134	-1.205946009525	-8179706.672430	4.0771157159783	54906.925456944	-1.211411580940	-8632000.418211	4.1057559890622	54906.925630555	-1.212410139912	-8696556.928525	4.1105461386876	54906.925456944	NaN            	NaN            	NaN            
0 - 4 - 6      	54906.924256134	-1.205946009525	-8179706.672430	4.0771157159783	54906.925456944	-1.211411580940	-8632000.418211	4.1057559890622	54906.926057060	-1.214194613981	-8859729.312980	4.1202763808985	54906.925456944	NaN            	NaN            	NaN            
0 - 4 - 7      	54906.924256134	-1.205946009525	-8179706.672430	4.0771157159783	54906.925456944	-1.211411580940	-8632000.418211	4.1057559890622	54906.926230671	-1.215123012063	-8920934.361955	4.1247589514741	54906.925456944	NaN            	NaN            	NaN            
0 - 4 - 8      	54906.924256134	-1.205946009525	-8179706.672430	4.0771157159783	54906.925456944	-1.211411580940	-8632000.418211	4.1057559890622	0.0            	-1.791738848799	4054053.9338270	4767981.8012633	54906.925456944	-0.021762416559	-0.002674369483	0.0076507945031
0 - 4 - 9      	54906.924256134	-1.205946009525	-8179706.672430	4.0771157159783	54906.925456944	-1.211411580940	-8632000.418211	4.1057559890622	0.0            	-1.791738848799	4054053.9338270	4767981.8012633	54906.925456944	-0.021762416559	-0.002674369483	0.0076507945031
0 - 5 - 6      	54906.924256134	-1.306765311741	-8984702.502259	4.3886639155722	54906.925630555	-1.306205878433	-9479948.336052	4.4014913788180	54906.926057060	-1.305686946429	-9634605.510771	4.4044108563829	54906.925630555	1470.1653418745	-4194.703241831	772.05494266092
0 - 5 - 7      	54906.924256134	-9.284491775672	-7.268318480497	2.9041148727850	54906.925630555	-9.268827966662	-7.598456599363	2.9100769107353	54906.926230671	-9.255706660220	-7.735433914090	2.9106436798362	54906.925630555	18725.420225944	-28187.19945073	3549.3327019982
0 - 5 - 8      	54906.924256134	-1.205946009525	-8179706.672056	4.0771157159819	54906.925630555	-1.211323769135	-8687483.450550	4.1071763224124	0.0            	-1.803747235605	4054053.9337553	4767981.8012633	54906.925630555	-0.021735091916	-0.002686055311	0.0076537344029
0 - 5 - 9      	54906.924256134	-1.205946009525	-8179706.672056	4.0771157159819	54906.925630555	-1.211323769135	-8687483.450550	4.1071763224124	0.0            	-1.803747235605	4054053.9337553	4767981.8012633	54906.925630555	-0.021735091916	-0.002686055311	0.0076537344029
0 - 6 - 7      	54906.924256134	-1.205946009525	-8179706.673853	4.0771157159643	54906.926057060	-1.211099786785	-8833518.288115	4.1106652246452	54906.926230671	-1.211752654042	-8892249.247380	4.1142874232755	54906.926057060	NaN            	NaN            	NaN            
0 - 6 - 8      	54906.924256134	-1.205946009525	-8179706.673853	4.0771157159643	54906.926057060	-1.211099786785	-8833518.288115	4.1106652246452	0.0            	-1.817773998406	4054053.9342574	4767981.8012633	54906.926057060	-0.021700497368	-0.002716820774	0.0076609861837
0 - 6 - 9      	54906.924256134	-1.205946009525	-8179706.673853	4.0771157159643	54906.926057060	-1.211099786785	-8833518.288115	4.1106652246452	0.0            	-1.817773998406	4054053.9342574	4767981.8012633	54906.926057060	-0.021700497368	-0.002716820774	0.0076609861837
0 - 7 - 8      	54906.924256134	-1.205946009525	-8179706.673479	4.0771157159680	54906.926230671	-1.211016125223	-8885980.650470	4.1119990663035	0.0            	-1.823547136625	4054053.9341857	4767981.8012633	54906.926230671	-0.021686474364	-0.002727874331	0.0076637676226
0 - 7 - 9      	54906.924256134	-1.205946009525	-8179706.673479	4.0771157159680	54906.926230671	-1.211016125223	-8885980.650470	4.1119990663035	0.0            	-1.823547136625	4054053.9341857	4767981.8012633	54906.926230671	-0.021686474364	-0.002727874331	0.0076637676226
0 - 8 - 9      	54906.924256134	NaN            	NaN            	NaN            	0.0            	NaN            	NaN            	NaN            	0.0            	NaN            	NaN            	NaN            	0.0            	NaN            	NaN            	NaN            
1 - 2 - 3      	54906.924429745	-1.195732450663	-8152145.857997	4.0472124274646	54906.92485625 	-1.226372826181	-8551597.421569	4.1463839090925	54906.925029861	-1.236890293819	-8689242.070799	4.1804123939747	54906.92485625 	NaN            	NaN            	NaN            
1 - 2 - 4      	54906.924429745	-6.999858057920	-5.619138227620	2.1640995177549	54906.92485625 	-6.991969257342	-5.696993950393	2.1643354409205	54906.925456944	-3.446736600665	-2.863341003587	1.0686697399978	54906.92485625 	NaN            	NaN            	NaN            
1 - 2 - 5      	54906.924429745	-1.250003754305	-8587809.028515	4.2149993769277	54906.92485625 	-1.258888114612	-8816529.147547	4.2470336361516	54906.925630555	-1.274009405800	-9211040.172641	4.3016210583621	54906.92485625 	-22520.47865624	-5895.141480232	8132.2543615594
1 - 2 - 6      	54906.924429745	-6.708302868445	-5.384948934909	2.0739960495167	54906.92485625 	-2.608267955673	-2.125049837298	8.0741355000738	54906.926057060	-7.684272451755	-6.506618786192	2.3867426434043	54906.92485625 	NaN            	NaN            	NaN            
1 - 2 - 7      	54906.924429745	-3.959226217946	-1731668.322535	1.5744940232657	54906.92485625 	-3.994210671933	-1813666.823927	1.5865890295105	54906.926230671	-4.104076507864	-2072002.189583	1.6245499127161	54906.92485625 	NaN            	NaN            	NaN            
1 - 2 - 8      	54906.924429745	-1.205861664666	-8233458.175764	4.0785282390254	54906.92485625 	-1.211713204882	-8432152.109517	4.1010056592351	0.0            	-1.669554827685	4054053.9345443	4767981.8012633	54906.92485625 	-0.022028707234	-0.002632396640	0.0076415842890
1 - 2 - 9      	54906.924429745	-1.205861664666	-8233458.175764	4.0785282390254	54906.92485625 	-1.211713204882	-8432152.109517	4.1010056592351	0.0            	-1.669554827685	4054053.9345443	4767981.8012633	54906.92485625 	-0.022028707234	-0.002632396640	0.0076415842890
1 - 3 - 4      	54906.924429745	-1.196234821989	486324.44913565	7202785.0492638	54906.925029861	-1.194577810864	459949.38089354	7200360.0139303	54906.925456944	-1.193377437163	440744.50948268	7198632.1278337	54906.925029861	NaN            	NaN            	NaN            
1 - 3 - 5      	54906.924429745	-5.992585732671	-3363948.723648	2.2031341465747	54906.925029861	-5.927021892098	-3414829.313880	2.1855417559980	54906.925630555	-5.861061650456	-3465603.367037	2.1678122444460	54906.925029861	NaN            	NaN            	NaN            
1 - 3 - 6      	54906.924429745	-1.863079527301	-1.350927796485	6.1104046249492	54906.925029861	-1.856612335903	-1.376333428182	6.0995184696962	54906.926057060	-1.844533404315	-1.419825891986	6.0778281972307	54906.925029861	14569.814609558	-4850.893355406	-2751.911176035
1 - 3 - 7      	54906.924429745	-4.844469646963	-3.744240256124	1.5327768494322	54906.925029861	-4.835996889998	-3.815761257774	1.5325840290428	54906.926230671	-4.816673125542	-3.957372619257	1.5314589021191	54906.925029861	27852.681720388	-13152.98578758	-3934.859950933
1 - 3 - 8      	54906.924429745	-1.205861664666	-8233458.175389	4.0785282390290	54906.925029861	-1.211637280875	-8482478.218900	4.1022108660661	0.0            	-1.715474482748	4054053.9344726	4767981.8012633	54906.925029861	-0.021929218487	-0.002642933752	0.0076437553880
1 - 3 - 9      	54906.924429745	-1.205861664666	-8233458.175389	4.0785282390290	54906.925029861	-1.211637280875	-8482478.218900	4.1022108660661	0.0            	-1.715474482748	4054053.9344726	4767981.8012633	54906.925029861	-0.021929218487	-0.002642933752	0.0076437553880
1 - 4 - 5      	54906.924429745	-1.205861664667	-8233458.173548	4.0785282390470	54906.925456944	-1.211411580940	-8632000.418211	4.1057559890622	54906.925630555	-1.212596512383	-8698113.530079	4.1111242479294	54906.925456944	NaN            	NaN            	NaN            
1 - 4 - 6      	54906.924429745	-1.205861664667	-8233458.173548	4.0785282390470	54906.925456944	-1.211411580940	-8632000.418211	4.1057559890622	54906.926057060	-1.214871091286	-8865458.603608	4.1223772184147	54906.925456944	NaN            	NaN            	NaN            
1 - 4 - 7      	54906.924429745	-1.205861664667	-8233458.173548	4.0785282390470	54906.925456944	-1.211411580940	-8632000.418211	4.1057559890622	54906.926230671	-1.215978245560	-8928213.253967	4.1274161177501	54906.925456944	NaN            	NaN            	NaN            
1 - 4 - 8      	54906.924429745	-1.205861664667	-8233458.173548	4.0785282390470	54906.925456944	-1.211411580940	-8632000.418211	4.1057559890622	0.0            	-1.774771529148	4054053.9338270	4767981.8012633	54906.925456944	-0.021798383494	-0.002674383415	0.0076508627059
1 - 4 - 9      	54906.924429745	-1.205861664667	-8233458.173548	4.0785282390470	54906.925456944	-1.211411580940	-8632000.418211	4.1057559890622	0.0            	-1.774771529148	4054053.9338270	4767981.8012633	54906.925456944	-0.021798383494	-0.002674383415	0.0076508627059
1 - 5 - 6      	54906.924429745	-1.713115448834	-1.230544054757	5.6467707417516	54906.925630555	-1.702138180975	-1.278681460536	5.6296347961277	54906.926057060	-1.697836546708	-1.295583892174	5.6222530296337	54906.925630555	11758.104992193	-4584.347228022	-2029.896879009
1 - 5 - 7      	54906.924429745	-1.205861664667	-8233458.173174	4.0785282390507	54906.925630555	-1.211323769135	-8687483.450550	4.1071763224124	54906.926230671	-1.214069188194	-8911965.266972	4.1214847751778	54906.925630555	NaN            	NaN            	NaN            
1 - 5 - 8      	54906.924429745	-1.205861664667	-8233458.173174	4.0785282390507	54906.925630555	-1.211323769135	-8687483.450550	4.1071763224124	0.0            	-1.790580644687	4054053.9337553	4767981.8012633	54906.925630555	-0.021763005600	-0.002686066455	0.0076537885166
1 - 5 - 9      	54906.924429745	-1.205861664667	-8233458.173174	4.0785282390507	54906.925630555	-1.211323769135	-8687483.450550	4.1071763224124	0.0            	-1.790580644687	4054053.9337553	4767981.8012633	54906.925630555	-0.021763005600	-0.002686066455	0.0076537885166
1 - 6 - 7      	54906.924429745	-1.205861664666	-8233458.174972	4.0785282390331	54906.926057060	-1.211099786785	-8833518.288115	4.1106652246452	54906.926230671	-1.211837804629	-8892973.963998	4.1145519817485	54906.926057060	NaN            	NaN            	NaN            
1 - 6 - 8      	54906.924429745	-1.205861664666	-8233458.174972	4.0785282390331	54906.926057060	-1.211099786785	-8833518.288115	4.1106652246452	0.0            	-1.809350896118	4054053.9342574	4767981.8012633	54906.926057060	-0.021718358676	-0.002716828344	0.0076610221977
1 - 6 - 9      	54906.924429745	-1.205861664666	-8233458.174972	4.0785282390331	54906.926057060	-1.211099786785	-8833518.288115	4.1106652246452	0.0            	-1.809350896118	4054053.9342574	4767981.8012633	54906.926057060	-0.021718358676	-0.002716828344	0.0076610221977
1 - 7 - 8      	54906.924429745	-1.205861664666	-8233458.174598	4.0785282390368	54906.926230671	-1.211016125223	-8885980.650470	4.1119990663035	0.0            	-1.816343578571	4054053.9341857	4767981.8012633	54906.926230671	-0.021701753795	-0.002727881151	0.0076637998534
1 - 7 - 9      	54906.924429745	-1.205861664666	-8233458.174598	4.0785282390368	54906.926230671	-1.211016125223	-8885980.650470	4.1119990663035	0.0            	-1.816343578571	4054053.9341857	4767981.8012633	54906.926230671	-0.021701753795	-0.002727881151	0.0076637998534
1 - 8 - 9      	54906.924429745	NaN            	NaN            	NaN            	0.0            	NaN            	NaN            	NaN            	0.0            	NaN            	NaN            	NaN            	0.0            	NaN            	NaN            	NaN            
2 - 3 - 4      	54906.92485625 	-1.205634942703	-8382626.960582	4.0821906507050	54906.925029861	-1.211637280875	-8482478.218900	4.1022108660661	54906.925456944	-1.229720302845	-8784105.853012	4.1625208039581	54906.925029861	NaN            	NaN            	NaN            
2 - 3 - 5      	54906.92485625 	-1.205634942703	-8382626.960582	4.0821906507050	54906.925029861	-1.211637280875	-8482478.218900	4.1022108660661	54906.925630555	-1.237010429408	-8902021.013576	4.1868538392948	54906.925029861	NaN            	NaN            	NaN            
2 - 3 - 6      	54906.92485625 	-1.205634942703	-8382626.960582	4.0821906507050	54906.925029861	-1.211637280875	-8482478.218900	4.1022108660661	54906.926057060	-1.255603836619	-9210436.528736	4.2488750015483	54906.925029861	NaN            	NaN            	NaN            
2 - 3 - 7      	54906.92485625 	-1.205634942703	-8382626.960582	4.0821906507050	54906.925029861	-1.211637280875	-8482478.218900	4.1022108660661	54906.926230671	-1.262777344432	-9326520.370889	4.2728184992896	54906.925029861	NaN            	NaN            	NaN            
2 - 3 - 8      	54906.92485625 	-1.205634942703	-8382626.960582	4.0821906507050	54906.925029861	-1.211637280875	-8482478.218900	4.1022108660661	0.0            	-1.331434235752	4054053.9344726	4767981.8012633	54906.925029861	-0.027416786786	-0.002969399764	0.0092276463093
2 - 3 - 9      	54906.92485625 	-1.205634942703	-8382626.960582	4.0821906507050	54906.925029861	-1.211637280875	-8482478.218900	4.1022108660661	0.0            	-1.331434235752	4054053.9344726	4767981.8012633	54906.925029861	-0.027416786786	-0.002969399764	0.0092276463093
2 - 4 - 5      	54906.92485625 	-1.205634942704	-8382626.958741	4.0821906507229	54906.925456944	-1.211411580940	-8632000.418211	4.1057559890622	54906.925630555	-1.213394258869	-8704776.388683	4.1135987797879	54906.925456944	NaN            	NaN            	NaN            
2 - 4 - 6      	54906.92485625 	-1.205634942704	-8382626.958741	4.0821906507229	54906.925456944	-1.211411580940	-8632000.418211	4.1057559890622	54906.926057060	-1.217772668386	-8890032.936464	4.1313882258412	54906.925456944	NaN            	NaN            	NaN            
2 - 4 - 7      	54906.92485625 	-1.205634942704	-8382626.958741	4.0821906507229	54906.925456944	-1.211411580940	-8632000.418211	4.1057559890622	54906.926230671	-1.219649289500	-8959457.507732	4.1388218615478	54906.925456944	NaN            	NaN            	NaN            
2 - 4 - 8      	54906.92485625 	-1.205634942704	-8382626.958741	4.0821906507229	54906.925456944	-1.211411580940	-8632000.418211	4.1057559890622	0.0            	-1.704469329361	4054053.9338270	4767981.8012633	54906.925456944	-0.021947689867	-0.002674460146	0.0076512405587
2 - 4 - 9      	54906.92485625 	-1.205634942704	-8382626.958741	4.0821906507229	54906.925456944	-1.211411580940	-8632000.418211	4.1057559890622	0.0            	-1.704469329361	4054053.9338270	4767981.8012633	54906.925456944	-0.021947689867	-0.002674460146	0.0076512405587
2 - 5 - 6      	54906.92485625 	-8.564967201070	-6.964252545535	2.6547520583977	54906.925630555	-7.539269293420	-6.282577128265	2.3421055420336	54906.926057060	-6.996016154490	-5.910900875190	2.1761466145735	54906.925630555	-188794.3122452	-12796.56542281	57633.369465392
2 - 5 - 7      	54906.92485625 	-1.205634942704	-8382626.958366	4.0821906507266	54906.925630555	-1.211323769135	-8687483.450550	4.1071763224124	54906.926230671	-1.215929266752	-8927796.394967	4.1272639431266	54906.925630555	NaN            	NaN            	NaN            
2 - 5 - 8      	54906.92485625 	-1.205634942704	-8382626.958366	4.0821906507266	54906.925630555	-1.211323769135	-8687483.450550	4.1071763224124	0.0            	-1.743742709485	4054053.9337553	4767981.8012633	54906.925630555	-0.021862463135	-0.002686116911	0.0076540349363
2 - 5 - 9      	54906.92485625 	-1.205634942704	-8382626.958366	4.0821906507266	54906.925630555	-1.211323769135	-8687483.450550	4.1071763224124	0.0            	-1.743742709485	4054053.9337553	4767981.8012633	54906.925630555	-0.021862463135	-0.002686116911	0.0076540349363
2 - 6 - 7      	54906.92485625 	-1.205634942703	-8382626.960165	4.0821906507091	54906.926057060	-1.211099786785	-8833518.288115	4.1106652246452	54906.926230671	-1.212077860700	-8895017.081143	4.1152978235561	54906.926057060	NaN            	NaN            	NaN            
2 - 6 - 8      	54906.92485625 	-1.205634942703	-8382626.960165	4.0821906507091	54906.926057060	-1.211099786785	-8833518.288115	4.1106652246452	0.0            	-1.785879368288	4054053.9342574	4767981.8012633	54906.926057060	-0.021768214101	-0.002716855281	0.0076611509139
2 - 6 - 9      	54906.92485625 	-1.205634942703	-8382626.960165	4.0821906507091	54906.926057060	-1.211099786785	-8833518.288115	4.1106652246452	0.0            	-1.785879368288	4054053.9342574	4767981.8012633	54906.926057060	-0.021768214101	-0.002716855281	0.0076611509139
2 - 7 - 8      	54906.92485625 	-1.205634942703	-8382626.959791	4.0821906507127	54906.926230671	-1.211016125223	-8885980.650470	4.1119990663035	0.0            	-1.797770447516	4054053.9341857	4767981.8012633	54906.926230671	-0.021741228948	-0.002727904365	0.0076639099942
2 - 7 - 9      	54906.92485625 	-1.205634942703	-8382626.959791	4.0821906507127	54906.926230671	-1.211016125223	-8885980.650470	4.1119990663035	0.0            	-1.797770447516	4054053.9341857	4767981.8012633	54906.926230671	-0.021741228948	-0.002727904365	0.0076639099942
2 - 8 - 9      	54906.92485625 	NaN            	NaN            	NaN            	0.0            	NaN            	NaN            	NaN            	0.0            	NaN            	NaN            	NaN            	0.0            	NaN            	NaN            	NaN            
3 - 4 - 5      	54906.925029861	-1.205559415788	-8432714.539465	4.0833894154600	54906.925456944	-1.211411580940	-8632000.418211	4.1057559890622	54906.925630555	-1.213982534225	-8709689.723408	4.1154235526116	54906.925456944	NaN            	NaN            	NaN            
3 - 4 - 6      	54906.925029861	-1.205559415788	-8432714.539465	4.0833894154600	54906.925456944	-1.211411580940	-8632000.418211	4.1057559890622	54906.926057060	-1.219918597019	-8908207.454224	4.1380525253552	54906.925456944	NaN            	NaN            	NaN            
3 - 4 - 7      	54906.925029861	-1.205559415788	-8432714.539465	4.0833894154600	54906.925456944	-1.211411580940	-8632000.418211	4.1057559890622	54906.926230671	-1.222367154834	-8982589.258695	4.1472661286780	54906.925456944	NaN            	NaN            	NaN            
3 - 4 - 8      	54906.925029861	-1.205559415788	-8432714.539465	4.0833894154600	54906.925456944	-1.211411580940	-8632000.418211	4.1057559890622	0.0            	-1.654920021979	4054053.9338270	4767981.8012633	54906.925456944	-0.022053265022	-0.002674537741	0.0076516232353
3 - 4 - 9      	54906.925029861	-1.205559415788	-8432714.539465	4.0833894154600	54906.925456944	-1.211411580940	-8632000.418211	4.1057559890622	0.0            	-1.654920021979	4054053.9338270	4767981.8012633	54906.925456944	-0.022053265022	-0.002674537741	0.0076516232353
3 - 5 - 6      	54906.925029861	-2.304495357883	-448816.7407548	1.0637464656820	54906.925630555	-2.301190560979	-492363.3555200	1.0635749248668	54906.926057060	-2.298802616183	-523273.7567477	1.0634339687384	54906.925630555	643.47683123631	-838.9201807634	-36.15076794969
3 - 5 - 7      	54906.925029861	-1.205559415789	-8432714.539090	4.0833894154637	54906.925630555	-1.211323769135	-8687483.450550	4.1071763224124	54906.926230671	-1.217063973302	-8937453.882041	4.1307894177346	54906.925630555	NaN            	NaN            	NaN            
3 - 5 - 8      	54906.925029861	-1.205559415789	-8432714.539090	4.0833894154637	54906.925630555	-1.211323769135	-8687483.450550	4.1071763224124	0.0            	-1.715999665946	4054053.9337553	4767981.8012633	54906.925630555	-0.021921460826	-0.002686152723	0.0076542103818
3 - 5 - 9      	54906.925029861	-1.205559415789	-8432714.539090	4.0833894154637	54906.925630555	-1.211323769135	-8687483.450550	4.1071763224124	0.0            	-1.715999665946	4054053.9337553	4767981.8012633	54906.925630555	-0.021921460826	-0.002686152723	0.0076542103818
3 - 6 - 7      	54906.925029861	-1.205559415788	-8432714.540889	4.0833894154462	54906.926057060	-1.211099786785	-8833518.288115	4.1106652246452	54906.926230671	-1.212188790421	-8895961.203959	4.1156424764655	54906.926057060	NaN            	NaN            	NaN            
3 - 6 - 8      	54906.925029861	-1.205559415788	-8432714.540889	4.0833894154462	54906.926057060	-1.211099786785	-8833518.288115	4.1106652246452	0.0            	-1.775168143720	4054053.9342574	4767981.8012633	54906.926057060	-0.021790976357	-0.002716868293	0.0076612132933
3 - 6 - 9      	54906.925029861	-1.205559415788	-8432714.540889	4.0833894154462	54906.926057060	-1.211099786785	-8833518.288115	4.1106652246452	0.0            	-1.775168143720	4054053.9342574	4767981.8012633	54906.926057060	-0.021790976357	-0.002716868293	0.0076612132933
3 - 7 - 8      	54906.925029861	-1.205559415788	-8432714.540515	4.0833894154498	54906.926230671	-1.211016125223	-8885980.650470	4.1119990663035	0.0            	-1.789857806848	4054053.9341857	4767981.8012633	54906.926230671	-0.021758054918	-0.002727914831	0.0076639598024
3 - 7 - 9      	54906.925029861	-1.205559415788	-8432714.540515	4.0833894154498	54906.926230671	-1.211016125223	-8885980.650470	4.1119990663035	0.0            	-1.789857806848	4054053.9341857	4767981.8012633	54906.926230671	-0.021758054918	-0.002727914831	0.0076639598024
3 - 8 - 9      	54906.925029861	NaN            	NaN            	NaN            	0.0            	NaN            	NaN            	NaN            	0.0            	NaN            	NaN            	NaN            	0.0            	NaN            	NaN            	NaN            
4 - 5 - 6      	54906.925456944	-1.447722028462	-1.059522336253	4.8384187541146	54906.925630555	-1.442184055927	-1.061565170157	4.8232824337908	54906.926057060	-1.426686274032	-1.065938536329	4.7801809298071	54906.925630555	40438.140098378	-1385.034794410	-11111.49383689
4 - 5 - 7      	54906.925456944	-1.231934443347	-8802500.515442	4.1693855800353	54906.925630555	-1.232516931909	-8864490.869922	4.1729154479812	54906.926230671	-1.233709069808	-9079120.292916	4.1825048723377	54906.925630555	-3658.135320760	-4273.226730418	2319.2644390321
4 - 5 - 8      	54906.925456944	-1.205334900300	-8581516.493041	4.0869156978852	54906.925630555	-1.211323769135	-8687483.450550	4.1071763224124	0.0            	-1.395440247374	4054053.9337553	4767981.8012633	54906.925630555	-0.022802409846	-0.002700678323	0.0077238028150
4 - 5 - 9      	54906.925456944	-1.205334900300	-8581516.493041	4.0869156978852	54906.925630555	-1.211323769135	-8687483.450550	4.1071763224124	0.0            	-1.395440247374	4054053.9337553	4767981.8012633	54906.925630555	-0.022802409846	-0.002700678323	0.0077238028150
4 - 6 - 7      	54906.925456944	-1.205334900299	-8581516.494841	4.0869156978678	54906.926057060	-1.211099786785	-8833518.288115	4.1106652246452	54906.926230671	-1.212815782825	-8901297.536105	4.1175905094617	54906.926057060	NaN            	NaN            	NaN            
4 - 6 - 8      	54906.925456944	-1.205334900299	-8581516.494841	4.0869156978678	54906.926057060	-1.211099786785	-8833518.288115	4.1106652246452	0.0            	-1.716175857368	4054053.9342574	4767981.8012633	54906.926057060	-0.021916414367	-0.002716944838	0.0076615820980
4 - 6 - 9      	54906.925456944	-1.205334900299	-8581516.494841	4.0869156978678	54906.926057060	-1.211099786785	-8833518.288115	4.1106652246452	0.0            	-1.716175857368	4054053.9342574	4767981.8012633	54906.926057060	-0.021916414367	-0.002716944838	0.0076615820980
4 - 7 - 8      	54906.925456944	-1.205334900299	-8581516.494466	4.0869156978714	54906.926230671	-1.211016125223	-8885980.650470	4.1119990663035	0.0            	-1.750813816823	4054053.9341857	4767981.8012633	54906.926230671	-0.021841079731	-0.002727966156	0.0076642052422
4 - 7 - 9      	54906.925456944	-1.205334900299	-8581516.494466	4.0869156978714	54906.926230671	-1.211016125223	-8885980.650470	4.1119990663035	0.0            	-1.750813816823	4054053.9341857	4767981.8012633	54906.926230671	-0.021841079731	-0.002727966156	0.0076642052422
4 - 8 - 9      	54906.925456944	NaN            	NaN            	NaN            	0.0            	NaN            	NaN            	NaN            	0.0            	NaN            	NaN            	NaN            	0.0            	NaN            	NaN            	NaN            
5 - 6 - 7      	54906.925630555	-1.205247546695	-8636734.233605	4.0883284725396	54906.926057060	-1.211099786785	-8833518.288115	4.1106652246452	54906.926230671	-1.213513222905	-8907233.448394	4.1197574197449	54906.926057060	NaN            	NaN            	NaN            
5 - 6 - 8      	54906.925630555	-1.205247546695	-8636734.233605	4.0883284725396	54906.926057060	-1.211099786785	-8833518.288115	4.1106652246452	0.0            	-1.653498037586	4054053.9342574	4767981.8012633	54906.926057060	-0.022049832844	-0.002717036286	0.0076620229018
5 - 6 - 9      	54906.925630555	-1.205247546695	-8636734.233605	4.0883284725396	54906.926057060	-1.211099786785	-8833518.288115	4.1106652246452	0.0            	-1.653498037586	4054053.9342574	4767981.8012633	54906.926057060	-0.022049832844	-0.002717036286	0.0076620229018
5 - 7 - 8      	54906.925630555	-1.205247546695	-8636734.233230	4.0883284725432	54906.926230671	-1.211016125223	-8885980.650470	4.1119990663035	0.0            	-1.712873917889	4054053.9341857	4767981.8012633	54906.926230671	-0.021921658070	-0.002728008961	0.0076644103481
5 - 7 - 9      	54906.925630555	-1.205247546695	-8636734.233230	4.0883284725432	54906.926230671	-1.211016125223	-8885980.650470	4.1119990663035	0.0            	-1.712873917889	4054053.9341857	4767981.8012633	54906.926230671	-0.021921658070	-0.002728008961	0.0076644103481
5 - 8 - 9      	54906.925630555	NaN            	NaN            	NaN            	0.0            	NaN            	NaN            	NaN            	0.0            	NaN            	NaN            	NaN            	0.0            	NaN            	NaN            	NaN            
6 - 7 - 8      	54906.926057060	-1.205024737349	-8782066.859140	4.0917988241675	54906.926230671	-1.211016125223	-8885980.650470	4.1119990663035	0.0            	-1.368554503822	4054053.9341857	4767981.8012633	54906.926230671	-0.023572427247	-0.002795410622	0.0079784983060
6 - 7 - 9      	54906.926057060	-1.205024737349	-8782066.859140	4.0917988241675	54906.926230671	-1.211016125223	-8885980.650470	4.1119990663035	0.0            	-1.368554503822	4054053.9341857	4767981.8012633	54906.926230671	-0.023572427247	-0.002795410622	0.0079784983060
6 - 8 - 9      	54906.926057060	NaN            	NaN            	NaN            	0.0            	NaN            	NaN            	NaN            	0.0            	NaN            	NaN            	NaN            	0.0            	NaN            	NaN            	NaN            
7 - 8 - 9      	54906.926230671	NaN            	NaN            	NaN            	0.0            	NaN            	NaN            	NaN            	0.0            	NaN            	NaN            	NaN            	0.0            	NaN            	NaN            	NaN            
