OD-0-1-6 -11
1 60073U 00000A   09354.90162164  .00000000  00000-0  85845+5 0  0000
2 60073 010.2422 350.6990 7932194 269.0205 105.1122 01.21354675    01
OD-0-1-9 -11
1 60074U 00000A   09354.90162164  .00000000  00000-0  85845+5 0  0000
2 60074 010.2568 350.5975 7951086 268.8522 105.8338 01.22896680    01
OD-0-2-4 -11
1 60075U 00000A   09354.90226000  .00000000  00000-0  85845+5 0  0000
2 60075 010.2296 350.5139 7935500 269.3892 104.5604 01.20682485    01
OD-0-2-6 -11
1 60076U 00000A   09354.90226000  .00000000  00000-0  85845+5 0  0000
2 60076 010.2536 350.5286 7953518 268.9671 105.8719 01.22766274    01
OD-0-2-7 -11
1 60077U 00000A   09354.90226000  .00000000  00000-0  85845+5 0  0000
2 60077 010.2592 350.5313 7957778 268.8714 106.1724 01.23250826    01
OD-0-2-8 -11
1 60078U 00000A   09354.90226000  .00000000  00000-0  85845+5 0  0000
2 60078 010.2576 350.5154 7957698 268.9094 106.0811 01.23157808    01
OD-0-2-9 -11
1 60079U 00000A   09354.90226000  .00000000  00000-0  85845+5 0  0000
2 60079 010.2649 350.4989 7964607 268.8025 106.4547 01.23833620    01
OD-0-3-5 -11
1 60080U 00000A   09354.90329999  .00000000  00000-0  85845+5 0  0000
2 60080 010.2533 350.5115 7954614 268.9881 106.2921 01.22776275    01
OD-0-3-6 -11
1 60081U 00000A   09354.90329999  .00000000  00000-0  85845+5 0  0000
2 60081 010.2686 350.4089 7974034 268.8174 107.0385 01.24374842    01
OD-0-3-7 -11
1 60082U 00000A   09354.90329999  .00000000  00000-0  85845+5 0  0000
2 60082 010.2710 350.4572 7972564 268.7395 107.1964 01.24462138    01
OD-0-3-8 -11
1 60083U 00000A   09354.90329999  .00000000  00000-0  85845+5 0  0000
2 60083 010.2675 350.4463 7970555 268.8050 107.0060 01.24185982    01
OD-0-3-9 -11
1 60084U 00000A   09354.90329999  .00000000  00000-0  85845+5 0  0000
2 60084 010.2742 350.4445 7976023 268.6973 107.3574 01.24775615    01
OD-0-4-5 -11
1 60085U 00000A   09354.90374000  .00000000  00000-0  85845+5 0  0000
2 60085 010.2600 350.7589 7942486 268.6750 107.0197 01.22754248    01
OD-0-4-6 -11
1 60086U 00000A   09354.90374000  .00000000  00000-0  85845+5 0  0000
2 60086 010.2780 350.5543 7971497 268.5450 107.8329 01.24836476    01
OD-0-4-7 -11
1 60087U 00000A   09354.90374000  .00000000  00000-0  85845+5 0  0000
2 60087 010.2769 350.5512 7970821 268.5656 107.7722 01.24747364    01
OD-0-4-8 -11
1 60088U 00000A   09354.90374000  .00000000  00000-0  85845+5 0  0000
2 60088 010.2720 350.5247 7968755 268.6665 107.4973 01.24388145    01
OD-0-4-9 -11
1 60089U 00000A   09354.90374000  .00000000  00000-0  85845+5 0  0000
2 60089 010.2783 350.5027 7975317 268.5829 107.8113 01.24989160    01
OD-0-5-7 -11
1 60090U 00000A   09354.90477999  .00000000  00000-0  85845+5 0  0000
2 60090 010.2889 350.4098 7990413 268.4917 108.7589 01.26140274    01
OD-0-5-8 -11
1 60091U 00000A   09354.90477999  .00000000  00000-0  85845+5 0  0000
2 60091 010.2787 350.4009 7982796 268.6624 108.2183 01.25271104    01
OD-0-5-9 -11
1 60092U 00000A   09354.90477999  .00000000  00000-0  85845+5 0  0000
2 60092 010.2849 350.4165 7986681 268.5508 108.5521 01.25770181    01
OD-0-6-8 -11
1 60093U 00000A   09354.90520999  .00000000  00000-0  85845+5 0  0000
2 60093 010.2661 350.4959 7965963 268.7863 107.8237 01.23944714    01
OD-0-6-9 -11
1 60094U 00000A   09354.90520999  .00000000  00000-0  85845+5 0  0000
2 60094 010.2785 350.4741 7977523 268.6028 108.4641 01.25081410    01
OD-0-7-8 -11
1 60095U 00000A   09354.90625     .00000000  00000-0  85845+5 0  0000
2 60095 010.3213 349.4894 8077655 268.8403 110.1281 01.30974460    01
OD-0-7-9 -11
1 60096U 00000A   09354.90625     .00000000  00000-0  85845+5 0  0000
2 60096 010.2808 350.4234 7982909 268.6090 109.0132 01.25403306    01
OD-0-8-9 -11
1 60097U 00000A   09354.90669000  .00000000  00000-0  85845+5 0  0000
2 60097 010.2963 350.4482 7993845 268.3444 110.0326 01.26682444    01
OD-1-2-5 -11
1 60098U 00000A   09354.90226000  .00000000  00000-0  85845+5 0  0000
2 60098 010.2620 350.2686 7978537 269.0478 106.0942 01.24112966    01
OD-1-2-6 -11
1 60099U 00000A   09354.90226000  .00000000  00000-0  85845+5 0  0000
2 60099 010.2711 350.2383 7987874 268.9227 106.5554 01.24993117    01
OD-1-2-7 -11
1 60100U 00000A   09354.90226000  .00000000  00000-0  85845+5 0  0000
2 60100 009.5240 350.3033 7207198 283.6614 075.2134 00.68789361    01
OD-1-3-5 -11
1 60101U 00000A   09354.90329999  .00000000  00000-0  85845+5 0  0000
2 60101 010.2663 350.3387 7977201 268.9200 106.8335 01.24319771    01
OD-1-3-6 -11
1 60102U 00000A   09354.90329999  .00000000  00000-0  85845+5 0  0000
2 60102 009.4549 350.1685 7759342 292.4440 046.8165 00.47122328    01
OD-1-3-7 -11
1 60103U 00000A   09354.90329999  .00000000  00000-0  85845+5 0  0000
2 60103 010.2840 350.3290 7992064 268.6416 107.7536 01.25895731    01
OD-1-3-8 -11
1 60104U 00000A   09354.90329999  .00000000  00000-0  85845+5 0  0000
2 60104 010.2787 350.3263 7988030 268.7281 107.4780 01.25442197    01
OD-1-3-9 -11
1 60105U 00000A   09354.90329999  .00000000  00000-0  85845+5 0  0000
2 60105 010.2846 350.3459 7991443 268.6169 107.8007 01.25912867    01
OD-1-4-5 -11
1 60106U 00000A   09354.90374000  .00000000  00000-0  85845+5 0  0000
2 60106 010.2738 350.7412 7955167 268.4637 107.7251 01.23994211    01
OD-1-4-7 -11
1 60107U 00000A   09354.90374000  .00000000  00000-0  85845+5 0  0000
2 60107 010.2901 350.4966 7985540 268.4029 108.3985 01.26021169    01
OD-1-4-8 -11
1 60108U 00000A   09354.90374000  .00000000  00000-0  85845+5 0  0000
2 60108 010.2831 350.4688 7981818 268.5375 108.0157 01.25481674    01
OD-1-4-9 -11
1 60109U 00000A   09354.90374000  .00000000  00000-0  85845+5 0  0000
2 60109 010.2885 350.4539 7987255 268.4629 108.2878 01.25993803    01
OD-1-5-6 -11
1 60110U 00000A   09354.90477999  .00000000  00000-0  85845+5 0  0000
2 60110 010.3479 349.8879 8072462 268.0573 111.2871 01.32498086    01
OD-1-5-8 -11
1 60111U 00000A   09354.90477999  .00000000  00000-0  85845+5 0  0000
2 60111 010.2884 350.3247 7996037 268.5761 108.6440 01.26288943    01
OD-1-5-9 -11
1 60112U 00000A   09354.90477999  .00000000  00000-0  85845+5 0  0000
2 60112 010.2940 350.3571 7998340 268.4608 108.9570 01.26696215    01
OD-1-6-7 -11
1 60113U 00000A   09354.90520999  .00000000  00000-0  85845+5 0  0000
2 60113 010.2828 350.5148 7978295 268.5034 108.7016 01.25342928    01
OD-1-6-8 -11
1 60114U 00000A   09354.90520999  .00000000  00000-0  85845+5 0  0000
2 60114 010.2710 350.4543 7972929 268.7435 108.0398 01.24465868    01
OD-1-6-9 -11
1 60115U 00000A   09354.90520999  .00000000  00000-0  85845+5 0  0000
2 60115 010.2847 350.4375 7985238 268.5372 108.7453 01.25701987    01
OD-1-7-9 -11
1 60116U 00000A   09354.90625     .00000000  00000-0  85845+5 0  0000
2 60116 010.2862 350.3843 7990089 268.5596 109.2487 01.25955838    01
OD-2-3-4 -11
1 60117U 00000A   09354.90329999  .00000000  00000-0  85845+5 0  0000
2 60117 010.3059 348.4050 8129210 270.0099 107.2028 01.32014705    01
OD-2-3-7 -11
1 60118U 00000A   09354.90329999  .00000000  00000-0  85845+5 0  0000
2 60118 010.2896 350.3317 7996454 268.5518 108.0377 01.26373105    01
OD-2-3-8 -11
1 60119U 00000A   09354.90329999  .00000000  00000-0  85845+5 0  0000
2 60119 009.1490 338.5143 8988013 312.0372 013.6126 00.16723793    01
OD-2-3-9 -11
1 60120U 00000A   09354.90329999  .00000000  00000-0  85845+5 0  0000
2 60120 010.2887 350.3490 7994600 268.5502 108.0083 01.26258674    01
OD-2-4-5 -11
1 60121U 00000A   09354.90374000  .00000000  00000-0  85845+5 0  0000
2 60121 010.2801 350.9200 7947639 268.2128 108.1900 01.24096228    01
OD-2-4-6 -11
1 60122U 00000A   09354.90374000  .00000000  00000-0  85845+5 0  0000
2 60122 010.3051 350.5860 7991759 268.0904 109.2382 01.27109135    01
OD-2-4-8 -11
1 60123U 00000A   09354.90374000  .00000000  00000-0  85845+5 0  0000
2 60123 010.2880 350.5312 7981533 268.4073 108.3145 01.25752732    01
OD-2-4-9 -11
1 60124U 00000A   09354.90374000  .00000000  00000-0  85845+5 0  0000
2 60124 010.2931 350.5027 7987690 268.3495 108.5585 01.26270653    01
OD-2-5-7 -11
1 60125U 00000A   09354.90477999  .00000000  00000-0  85845+5 0  0000
2 60125 010.3086 350.3334 8011907 268.2549 109.6798 01.28021004    01
OD-2-5-8 -11
1 60126U 00000A   09354.90477999  .00000000  00000-0  85845+5 0  0000
2 60126 010.2926 350.3257 7999460 268.5097 108.8572 01.26651208    01
OD-2-5-9 -11
1 60127U 00000A   09354.90477999  .00000000  00000-0  85845+5 0  0000
2 60127 010.2981 350.3619 8001400 268.3940 109.1640 01.27035455    01
OD-2-6-7 -11
1 60128U 00000A   09354.90520999  .00000000  00000-0  85845+5 0  0000
2 60128 010.2844 350.5558 7976850 268.4416 108.8219 01.25390184    01
OD-2-6-8 -11
1 60129U 00000A   09354.90520999  .00000000  00000-0  85845+5 0  0000
2 60129 010.2708 350.4821 7970819 268.7229 108.0528 01.24382138    01
OD-2-6-9 -11
1 60130U 00000A   09354.90520999  .00000000  00000-0  85845+5 0  0000
2 60130 010.2862 350.4583 7985015 268.4963 108.8369 01.25777989    01
OD-2-7-8 -11
1 60131U 00000A   09354.90625     .00000000  00000-0  85845+5 0  0000
2 60131 010.2386 350.3097 7956532 269.3980 106.6720 01.21975591    01
OD-2-7-9 -11
1 60132U 00000A   09354.90625     .00000000  00000-0  85845+5 0  0000
2 60132 010.2875 350.3914 7990706 268.5328 109.3214 01.26052611    01
OD-2-8-9 -11
1 60133U 00000A   09354.90669000  .00000000  00000-0  85845+5 0  0000
2 60133 010.3082 350.4321 8004975 268.1776 110.6093 01.27740424    01
OD-3-6-9 -11
1 60134U 00000A   09354.90520999  .00000000  00000-0  85845+5 0  0000
2 60134 010.2844 350.5110 7979888 268.4782 108.7938 01.25500797    01
OD-3-7-8 -11
1 60135U 00000A   09354.90625     .00000000  00000-0  85845+5 0  0000
2 60135 010.2224 350.2997 7943912 269.6776 105.8047 01.20588275    01
OD-3-7-9 -11
1 60136U 00000A   09354.90625     .00000000  00000-0  85845+5 0  0000
2 60136 010.2868 350.4020 7989426 268.5338 109.2976 01.25971026    01
OD-3-8-9 -11
1 60137U 00000A   09354.90669000  .00000000  00000-0  85845+5 0  0000
2 60137 010.3140 350.4554 8008297 268.0694 110.9175 01.28183283    01
OD-4-5-7 -11
1 60138U 00000A   09354.90477999  .00000000  00000-0  85845+5 0  0000
2 60138 010.3254 349.9907 8048262 268.3086 110.1986 01.30265719    01
OD-4-5-9 -11
1 60139U 00000A   09354.90477999  .00000000  00000-0  85845+5 0  0000
2 60139 010.3047 350.1525 8020932 268.4783 109.3024 01.28092289    01
OD-4-6-7 -11
1 60140U 00000A   09354.90520999  .00000000  00000-0  85845+5 0  0000
2 60140 010.2716 350.5315 7967872 268.6662 108.1463 01.24342052    01
OD-4-6-8 -11
1 60141U 00000A   09354.90520999  .00000000  00000-0  85845+5 0  0000
2 60141 010.2530 350.4237 7960072 269.0619 107.0802 01.22971621    01
OD-4-6-9 -11
1 60142U 00000A   09354.90520999  .00000000  00000-0  85845+5 0  0000
2 60142 010.2788 350.4047 7982508 268.6594 108.4149 01.25264008    01
OD-4-7-8 -11
1 60143U 00000A   09354.90625     .00000000  00000-0  85845+5 0  0000
2 60143 010.2120 350.1408 7946461 269.9900 105.1100 01.20028009    01
OD-4-7-9 -11
1 60144U 00000A   09354.90625     .00000000  00000-0  85845+5 0  0000
2 60144 010.2840 350.3206 7992613 268.6495 109.0813 01.25915510    01
OD-5-7-8 -11
1 60145U 00000A   09354.90625     .00000000  00000-0  85845+5 0  0000
2 60145 010.1435 350.2979 7879822 271.0932 101.4255 01.13633070    01
